Island,100,540782,5069,842
Island,100,472685,4016,2697
Island,100,426229,3159,1224
Island,100,158829,6038,2313
Island,100,122486,3955,1083
Island,100,35062,3676,2551
Island,100,29670,5079,3291
Island,100,6,4244,2875
Island,100,5,5678,988
Island,105,76,4942,3297
Island,115,441,4001,1067
Island,115,47,3938,2413
Island,120,72,6815,2462
Island,129,193,5424,3671
Island,132,275,6397,1001
Island,164,371,6456,1521
Island,211,304,3205,2787
Island,212,70,5543,3829
Island,213,88,5778,2422
Island,225,66,4387,1752
Island,236,204,5349,2703
Island,238,249,4726,2661
Island,251,1,3755,2333
Island,252,44,3705,3452
Island,333,159,6498,1995
Island,339,49,3732,596
Island,371,3,5404,4071
Island,384,171,6583,2157
Island,385,22,7184,2405
Island,395,332,3479,433
Island,397,158,4446,2379
Island,428,519,6606,2309
Island,438,5,4493,2238
Island,457,962,6580,2645
Island,465,690,5571,1610
Island,501,3,6758,2672
Island,522,105,5416,1490
Island,566,419,5602,1703
Island,615,315,4570,2237
Island,637,45,4666,1995
Island,689,307,4830,2453
Island,690,40,4626,2215
Island,695,4,5663,1983
Island,721,58,4756,1958
Island,727,6,5546,1875
Island,743,177,6366,2785
Island,763,101,5412,1693
Island,764,11992,5145,1783
Island,823,207,5646,1226
Island,842,57,4808,2240
Island,870,26,5650,1384
Island,874,26,5580,1342
Island,876,37,5679,1376
Island,880,4,5568,1321
Island,887,59,5673,1421
Island,887,38,5752,1224
Island,893,102,5680,1440
Island,894,1,5485,1385
Island,895,118,5478,1376
Island,904,18,5716,1148
Island,904,4,5709,1144
Island,905,60,5713,1145
Island,905,46,5704,1429
Island,905,30,5708,1144
Island,910,10,5515,1323
Island,914,149,5775,1171
Island,920,1,5720,1520
Island,921,45,5715,1516
Island,921,13,5738,1261
Island,922,67,5737,1258
Island,924,26,5640,1205
Island,927,33,5733,1284
Island,928,2,5440,1367
Island,929,79,5437,1364
Island,930,30,5622,1223
Island,949,4,4884,1375
Island,954,12,4933,1231
Island,955,22,4829,1257
Island,961,32,4941,1317
Island,961,9,4991,1326
Island,962,6,4828,1272
Island,963,5,4958,1268
Island,964,73,4950,1260
Island,965,27,4932,1298
Island,968,96,4970,1278
Island,975,14,4803,1074
Island,976,33,4802,1072
Island,976,21,4774,1346
Island,977,90,4772,1340
Island,979,14,4988,1256
Island,985,45,4762,1368
Island,988,32,4878,1016
Island,988,19,4869,1014
Island,989,9,4858,1015
Island,991,44,5041,1326
Island,994,10,4770,1277
Island,999,64,4910,1023
Island,1002,52,4921,1099
Island,1010,71,4807,1110
Island,1012,19,4731,1358
Island,1014,39,4725,1386
Island,1016,13,4703,1489
Island,1027,938,5010,3972
Island,1061,115,4579,1616
Island,1065,17,4564,1583
Island,1066,56,4560,1581
Island,1066,39,4941,2566
Island,1068,19,4608,1609
Island,1069,14,4493,1671
Island,1070,315,4487,1666
Island,1071,3,5279,1264
Island,1072,49,5278,1259
Island,1072,13,5260,1352
Island,1073,19,4461,1654
Island,1074,75,5208,1344
Island,1075,111,5377,1316
Island,1075,30,4481,1767
Island,1077,35,5397,1289
Island,1077,1,5496,2309
Island,1078,82,5268,1332
Island,1078,5,5188,1372
Island,1079,37,5188,1367
Island,1082,63,5228,1314
Island,1086,18,4631,1585
Island,1086,3,5160,1375
Island,1089,9,5705,1804
Island,1090,79,5703,1798
Island,1090,16,4472,1811
Island,1094,20,5699,1827
Island,1095,10,5222,1284
Island,1095,5,4955,2603
Island,1096,42,5222,1282
Island,1098,30,4465,1452
Island,1099,5,4492,1934
Island,1100,81,4489,1925
Island,1102,7,5139,1374
Island,1102,1,5709,1855
Island,1103,22,5155,1347
Island,1105,1,5904,1587
Island,1108,25,5657,1958
Island,1109,25,4454,1804
Island,1112,19,5331,1094
Island,1117,22,5525,2346
Island,1119,7,5713,1875
Island,1121,10,5727,1847
Island,1123,25,4397,1444
Island,1123,22,5882,1591
Island,1123,15,4387,1455
Island,1124,56,4385,1452
Island,1124,11,4379,1462
Island,1125,11,5020,2506
Island,1127,21,4498,1486
Island,1128,92,4496,1485
Island,1128,6,5773,1554
Island,1131,233,5029,2475
Island,1131,16,4595,2184
Island,1131,10,4940,2464
Island,1131,8,5593,2244
Island,1132,1,4738,2278
Island,1133,91,5107,2430
Island,1133,48,4404,1552
Island,1133,18,4735,2275
Island,1133,9,5038,2525
Island,1134,58,4458,1870
Island,1134,51,4732,2272
Island,1134,43,5034,2524
Island,1134,28,4614,2198
Island,1134,6,4915,2492
Island,1134,3,5418,2342
Island,1135,66,5412,2336
Island,1135,53,4914,2492
Island,1136,31,5586,2215
Island,1136,23,5725,2403
Island,1138,16,5374,1061
Island,1139,20,4626,2226
Island,1140,13,5406,1069
Island,1141,70,5404,1066
Island,1142,64,5297,1160
Island,1143,12,5706,1919
Island,1143,3,4489,2143
Island,1143,2,4501,2038
Island,1144,111,4363,1475
Island,1144,82,4505,2065
Island,1144,67,5704,1913
Island,1144,22,4486,2141
Island,1144,12,4499,2034
Island,1145,29,4498,2034
Island,1145,20,5869,1508
Island,1145,10,5157,2414
Island,1145,3,5888,1523
Island,1145,2,5899,1545
Island,1145,2,5868,1501
Island,1146,91,5866,1501
Island,1146,35,5884,1519
Island,1146,22,5895,1541
Island,1148,37,5483,1485
Island,1148,10,5619,2226
Island,1149,190,4517,2025
Island,1149,38,5616,2226
Island,1149,12,5420,1169
Island,1150,79,5415,1165
Island,1152,32,5843,1624
Island,1152,3,4642,2249
Island,1152,2,5470,2388
Island,1153,44,5834,1486
Island,1153,39,5468,2380
Island,1153,26,4640,2246
Island,1154,153,5906,1558
Island,1154,46,5748,1545
Island,1154,2,5717,2490
Island,1155,30,5714,2488
Island,1155,11,5708,2495
Island,1155,3,4488,2017
Island,1157,4,4613,2243
Island,1158,46,5089,2499
Island,1158,43,4611,2237
Island,1158,43,5436,1088
Island,1159,23,4881,2441
Island,1160,5,4532,2193
Island,1161,35,4530,2189
Island,1162,44,5757,2432
Island,1162,20,5596,2138
Island,1163,57,4849,4073
Island,1163,3,5163,2438
Island,1164,69,5687,2508
Island,1164,35,5158,2433
Island,1164,14,4987,2678
Island,1165,28,4985,2678
Island,1168,12,5382,2367
Island,1169,16,5352,2355
Island,1170,59,5697,2372
Island,1171,3,4677,2286
Island,1172,45,5621,2453
Island,1172,43,4675,2283
Island,1175,148,4943,4075
Island,1177,34,5598,2442
Island,1179,1,4310,2028
Island,1186,29,5215,2389
Island,1187,44,4937,2711
Island,1187,7,4900,2699
Island,1187,4,4909,2703
Island,1188,95,4898,2697
Island,1188,52,4920,2710
Island,1189,71,4956,3797
Island,1195,90,4970,2709
Island,1195,50,4890,2601
Island,1195,12,4898,2637
Island,1196,21,5015,2609
Island,1197,18,5317,2361
Island,1202,228,4233,3151
Island,1204,82,3856,3198
Island,1211,36,4387,2150
Island,1213,4,4293,2115
Island,1214,48,4292,2121
Island,1214,30,4290,2113
Island,1216,18,4290,2097
Island,1217,56,4310,2159
Island,1217,22,4289,2083
Island,1221,8,4386,2042
Island,1222,57,4384,2039
Island,1223,40,4350,2058
Island,1228,204,4292,2043
Island,1237,241,6787,1037
Island,1242,166,4945,3692
Island,1260,359,5049,3751
Island,1260,8,4119,3058
Island,1261,286,4097,3047
Island,1268,11,4749,2310
Island,1271,7,6266,3145
Island,1348,446,6490,2988
Island,1350,3,6242,2416
Island,1351,77,6238,2411
Island,1354,39,6198,2503
Island,1381,79,7315,901
Island,1407,18,5218,1593
Island,1416,85,3497,2316
Island,1435,540,3590,2301
Island,1532,2,5487,1705
Island,1533,2,5487,1705
Island,1534,8,5486,1702
Island,1535,16,5485,1702
Island,1535,6,5471,1654
Island,1536,593,5449,1636
Island,1536,29,5484,1700
Island,1541,153,4987,1473
Island,1544,49,4837,1723
Island,1568,284,3169,2815
Island,1571,6,5710,1719
Island,1629,16,5614,1857
Island,1677,10,4887,1987
Island,1678,250,4883,1971
Island,1678,196,4915,1955
Island,1697,33,5109,2101
Island,1719,76,5078,2114
Island,1728,1,5712,1942
Island,1729,14,5710,1942
Island,1730,27,5709,1942
Island,1760,20,4870,2154
Island,1761,552,4838,2143
Island,1762,75,4822,1860
Island,1763,156,4826,1885
Island,1763,55,4810,1840
Island,1764,595,4790,1832
Island,1809,6,4517,1974
Island,1810,12,4517,1972
Island,1811,23,4517,1971
Island,1831,2,4223,2079
Island,1832,184,4202,2073
Island,1922,62,4784,2083
Island,1923,649,4767,2072
Island,2051,2,4801,2308
Overhang,7,228,3772,2538
Overhang,7,154,3307,774
Overhang,7,38,6418,2093
Overhang,100,196752,3200,1267
Overhang,100,191752,4137,2742
Overhang,100,149724,5502,896
Overhang,100,33224,6181,2416
Overhang,100,31806,5225,1026
Overhang,100,24385,4120,1223
Overhang,100,5817,3760,2592
Overhang,100,3151,6095,2441
Overhang,100,1800,6260,929
Overhang,100,1648,5136,1115
Overhang,100,1532,4006,1184
Overhang,100,919,5211,1021
Overhang,100,754,5167,3332
Overhang,100,707,6064,1517
Overhang,100,627,4946,3044
Overhang,100,455,4057,3058
Overhang,100,420,5233,3554
Overhang,100,411,5515,1157
Overhang,100,396,6206,2384
Overhang,100,358,5806,1012
Overhang,100,343,5162,3385
Overhang,100,342,4133,3064
Overhang,100,334,5127,2850
Overhang,100,315,3207,1268
Overhang,100,296,4178,3325
Overhang,100,265,5120,3410
Overhang,100,237,6042,885
Overhang,100,222,3469,1483
Overhang,100,203,4378,2954
Overhang,100,197,4146,2993
Overhang,100,193,5966,1416
Overhang,100,162,3564,2635
Overhang,100,156,3354,1767
Overhang,100,156,4006,3361
Overhang,100,132,3227,1520
Overhang,100,122,5999,1456
Overhang,100,118,6265,1028
Overhang,100,78,3449,1395
Overhang,100,63,4196,2083
Overhang,100,62,6729,2387
Overhang,100,62,4389,1514
Overhang,100,57,4897,2713
Overhang,100,56,5886,1422
Overhang,100,54,6695,2434
Overhang,100,52,3717,2675
Overhang,100,48,4081,3002
Overhang,100,46,4287,2893
Overhang,100,31,4033,1148
Overhang,100,27,5806,961
Overhang,100,27,6215,1345
Overhang,100,27,4119,2016
Overhang,100,26,4318,1306
Overhang,100,24,3699,1680
Overhang,100,24,4027,1288
Overhang,100,23,5152,1215
Overhang,100,22,4326,2894
Overhang,100,20,4119,1143
Overhang,100,18,4089,1236
Overhang,100,18,5748,1377
Overhang,100,12,5845,988
Overhang,100,10,6435,2365
Overhang,100,10,6375,2556
Overhang,100,8,4188,1194
Overhang,100,5,3468,1547
Overhang,100,4,4119,1197
Overhang,100,2,3248,1577
Overhang,100,2,5326,3634
Overhang,764,36,5234,1825
ResinTrap,1,32,5489,941
ResinTrap,2,415,3933,1915
ResinTrap,2,31,6263,1715
ResinTrap,2,10,6485,1940
ResinTrap,2,10,5376,3494
ResinTrap,3,152,5814,1046
ResinTrap,3,29,6155,1715
ResinTrap,3,28,3489,2497
ResinTrap,4,88,6377,2275
ResinTrap,4,10,4043,1386
ResinTrap,4,10,6708,2275
ResinTrap,5,38,5711,1386
ResinTrap,5,36,3374,2719
ResinTrap,5,36,4042,1268
ResinTrap,6,18,5151,3050
ResinTrap,6,14,5266,1050
ResinTrap,6,13,3151,2607
ResinTrap,6,9,5375,3608
ResinTrap,7,13,3432,2641
ResinTrap,7,13,3433,2646
ResinTrap,7,10,3431,2636
ResinTrap,7,10,3434,2651
ResinTrap,7,7,4965,2766
ResinTrap,7,7,5112,2683
ResinTrap,7,7,5109,2685
ResinTrap,8,13,6251,937
ResinTrap,8,10,6257,938
ResinTrap,8,10,3674,2673
ResinTrap,8,7,3672,2664
ResinTrap,8,7,6262,939
ResinTrap,8,7,3673,2669
ResinTrap,8,7,4886,2761
ResinTrap,8,7,6280,2553
ResinTrap,8,7,3922,1189
ResinTrap,8,7,3267,2401
ResinTrap,9,33,3851,2425
ResinTrap,9,17,3850,2435
ResinTrap,9,13,3578,570
ResinTrap,9,12,6286,2564
ResinTrap,9,10,6609,2311
ResinTrap,9,10,6614,2312
ResinTrap,9,10,4318,1409
ResinTrap,9,10,4313,1410
ResinTrap,9,10,6595,2308
ResinTrap,9,10,4302,1412
ResinTrap,9,10,4297,1413
ResinTrap,9,10,4307,1411
ResinTrap,9,10,6604,2310
ResinTrap,9,7,4768,1813
ResinTrap,9,7,4765,1815
ResinTrap,9,7,6148,1440
ResinTrap,9,7,4762,1817
ResinTrap,9,7,6600,2309
ResinTrap,9,7,4890,2759
ResinTrap,9,7,4771,1811
ResinTrap,10,7,6174,1450
ResinTrap,11,12,5780,1347
ResinTrap,11,10,3293,2548
ResinTrap,11,7,3292,2544
ResinTrap,11,7,3291,2538
ResinTrap,11,7,3294,2554
ResinTrap,12,10,6163,1446
ResinTrap,12,7,6645,2475
ResinTrap,12,7,6411,1695
ResinTrap,12,7,6792,2416
ResinTrap,12,7,6311,809
ResinTrap,12,7,4695,3080
ResinTrap,12,7,5090,3589
ResinTrap,12,7,5772,1321
ResinTrap,13,21,5558,1137
ResinTrap,13,13,3307,2700
ResinTrap,13,12,6122,2390
ResinTrap,13,12,6112,2375
ResinTrap,13,10,5945,2247
ResinTrap,13,10,5944,2252
ResinTrap,13,10,5774,1326
ResinTrap,13,10,5775,1331
ResinTrap,13,7,6543,1031
ResinTrap,13,7,5946,2243
ResinTrap,13,7,5564,1041
ResinTrap,13,7,6413,1699
ResinTrap,13,7,6794,2421
ResinTrap,13,7,4006,2295
ResinTrap,13,7,3305,2697
ResinTrap,13,7,5066,2961
ResinTrap,13,7,4016,2317
ResinTrap,14,22,3533,2692
ResinTrap,14,17,6362,1808
ResinTrap,14,13,4389,1486
ResinTrap,14,13,6365,2465
ResinTrap,14,10,4388,1491
ResinTrap,14,7,6361,2464
ResinTrap,14,7,4008,2300
ResinTrap,14,7,5589,1028
ResinTrap,14,7,6355,2463
ResinTrap,14,7,5563,1141
ResinTrap,14,7,6371,2466
ResinTrap,14,7,6411,2091
ResinTrap,14,7,6796,2425
ResinTrap,15,22,5154,1139
ResinTrap,15,21,6568,1066
ResinTrap,15,17,4031,1201
ResinTrap,15,14,4595,2810
ResinTrap,15,13,5355,1048
ResinTrap,15,13,5357,1058
ResinTrap,15,13,4202,2968
ResinTrap,15,10,5356,1054
ResinTrap,15,7,5354,1045
ResinTrap,15,7,5584,1030
ResinTrap,16,23,5116,2293
ResinTrap,16,12,5109,2298
ResinTrap,16,10,5106,1276
ResinTrap,16,9,4001,1109
ResinTrap,16,7,5113,2296
ResinTrap,17,13,4007,1084
ResinTrap,17,10,4003,1104
ResinTrap,17,10,4006,1089
ResinTrap,17,10,4005,1094
ResinTrap,17,10,4004,1099
ResinTrap,18,47,4199,2942
ResinTrap,18,10,5550,1109
ResinTrap,18,10,5213,2773
ResinTrap,18,7,5358,1035
ResinTrap,18,7,5551,1115
ResinTrap,18,7,5584,1150
ResinTrap,18,7,3805,3134
ResinTrap,19,23,3660,408
ResinTrap,19,20,3661,414
ResinTrap,19,10,5043,3186
ResinTrap,19,10,5048,3187
ResinTrap,19,10,5053,3188
ResinTrap,19,7,3928,2378
ResinTrap,19,7,3663,425
ResinTrap,19,7,5229,3575
ResinTrap,20,33,6454,2574
ResinTrap,20,13,3662,419
ResinTrap,20,10,3659,404
ResinTrap,20,7,5987,1478
ResinTrap,20,7,5234,3577
ResinTrap,21,22,5248,3585
ResinTrap,21,10,6529,2384
ResinTrap,21,7,5242,3581
ResinTrap,21,7,3534,2580
ResinTrap,21,7,5245,3583
ResinTrap,21,7,6012,1445
ResinTrap,21,7,6081,1525
ResinTrap,22,18,3794,2619
ResinTrap,22,13,5257,3455
ResinTrap,22,13,6120,2425
ResinTrap,22,10,5258,3451
ResinTrap,22,7,3790,2613
ResinTrap,22,7,3792,2616
ResinTrap,22,7,6017,1443
ResinTrap,22,7,3788,2610
ResinTrap,23,22,4109,1227
ResinTrap,23,7,4119,1249
ResinTrap,23,7,6563,2538
ResinTrap,23,7,5623,1438
ResinTrap,24,29,6184,1541
ResinTrap,24,20,5237,3480
ResinTrap,24,10,4948,792
ResinTrap,24,7,4944,793
ResinTrap,24,7,4939,794
ResinTrap,24,7,5453,1088
ResinTrap,24,7,5231,3486
ResinTrap,24,7,4401,1523
ResinTrap,25,30,4156,1171
ResinTrap,25,21,6033,917
ResinTrap,25,18,5757,946
ResinTrap,25,14,6014,2451
ResinTrap,25,13,4096,3310
ResinTrap,25,13,4151,1173
ResinTrap,25,10,4098,3320
ResinTrap,25,7,5768,944
ResinTrap,25,7,4097,3316
ResinTrap,25,7,5003,2743
ResinTrap,25,7,5145,1097
ResinTrap,25,7,4099,3326
ResinTrap,25,7,5972,2228
ResinTrap,25,7,5009,2739
ResinTrap,25,7,5147,1107
ResinTrap,25,7,4137,2340
ResinTrap,25,7,5006,2741
ResinTrap,25,7,5160,3643
ResinTrap,26,20,5596,1426
ResinTrap,26,15,5131,2857
ResinTrap,26,13,6132,2548
ResinTrap,26,13,6133,2543
ResinTrap,26,7,5618,1434
ResinTrap,26,7,6215,1623
ResinTrap,26,7,4349,2525
ResinTrap,26,7,6225,1625
ResinTrap,26,7,6220,1624
ResinTrap,27,17,3462,1468
ResinTrap,27,13,3953,3222
ResinTrap,27,7,3962,3217
ResinTrap,27,7,5221,2792
ResinTrap,27,7,5070,3182
ResinTrap,27,7,5323,3517
ResinTrap,27,7,4604,2835
ResinTrap,28,35,5814,1017
ResinTrap,28,30,5126,2780
ResinTrap,28,23,5893,1442
ResinTrap,28,7,5232,2816
ResinTrap,29,23,6668,1869
ResinTrap,29,7,5613,1430
ResinTrap,29,7,4608,2844
ResinTrap,29,7,5974,1420
ResinTrap,30,9,5370,3705
ResinTrap,30,7,5308,3563
ResinTrap,30,7,4610,2850
ResinTrap,31,10,3434,2730
ResinTrap,31,10,3433,2735
ResinTrap,31,7,6651,1766
ResinTrap,31,7,5175,3395
ResinTrap,31,7,3963,1128
ResinTrap,31,7,5166,3401
ResinTrap,31,7,4146,3076
ResinTrap,31,7,4137,3082
ResinTrap,31,7,4143,3078
ResinTrap,32,7,4390,2960
ResinTrap,32,7,5110,3152
ResinTrap,32,7,4064,1212
ResinTrap,33,17,6024,1180
ResinTrap,33,17,5103,2861
ResinTrap,33,7,4069,1214
ResinTrap,33,7,5243,1068
ResinTrap,33,7,5261,3621
ResinTrap,33,7,5262,3625
ResinTrap,33,7,5746,1383
ResinTrap,34,22,4304,2917
ResinTrap,34,14,6422,2379
ResinTrap,34,10,4074,1216
ResinTrap,34,7,5996,901
ResinTrap,34,7,5246,1078
ResinTrap,34,7,6172,2308
ResinTrap,35,27,5165,2784
ResinTrap,35,13,3437,1475
ResinTrap,35,13,3427,1477
ResinTrap,35,12,6355,1524
ResinTrap,35,10,5850,1356
ResinTrap,35,10,5176,2783
ResinTrap,35,10,3433,1476
ResinTrap,35,9,5126,1083
ResinTrap,35,7,5846,1357
ResinTrap,35,7,5841,1358
ResinTrap,35,7,6191,2315
ResinTrap,35,7,6054,2532
ResinTrap,35,7,3238,1521
ResinTrap,36,13,4017,1262
ResinTrap,36,13,4197,3301
ResinTrap,36,10,4307,2932
ResinTrap,36,9,6639,1778
ResinTrap,36,7,5119,1079
ResinTrap,36,7,5122,1081
ResinTrap,36,7,5914,2200
ResinTrap,36,7,6424,2394
ResinTrap,37,27,4050,1304
ResinTrap,37,18,4126,1197
ResinTrap,37,17,4019,1252
ResinTrap,37,12,4130,1193
ResinTrap,37,10,5668,1365
ResinTrap,37,9,3967,1889
ResinTrap,37,7,3965,1893
ResinTrap,37,7,6058,888
ResinTrap,37,7,6056,891
ResinTrap,37,7,3963,1896
ResinTrap,37,7,4050,1313
ResinTrap,38,18,4104,1128
ResinTrap,38,12,5017,3502
ResinTrap,38,10,3184,2550
ResinTrap,38,7,5817,1405
ResinTrap,38,7,5818,1411
ResinTrap,38,7,2997,2741
ResinTrap,39,12,6318,2090
ResinTrap,39,12,5810,1436
ResinTrap,39,7,6276,1557
ResinTrap,39,7,5187,1232
ResinTrap,39,7,4502,2801
ResinTrap,39,7,4971,2439
ResinTrap,40,7,5123,3183
ResinTrap,41,176,4179,1138
ResinTrap,41,7,4981,2444
ResinTrap,41,7,4497,2785
ResinTrap,41,7,6274,1553
ResinTrap,42,13,4974,2440
ResinTrap,42,7,4287,2906
ResinTrap,43,25,6272,1550
ResinTrap,43,13,5738,989
ResinTrap,43,7,4497,2785
ResinTrap,43,7,4281,2902
ResinTrap,43,7,4171,2080
ResinTrap,44,7,6275,1554
ResinTrap,44,7,5136,3196
ResinTrap,45,90,4947,3462
ResinTrap,45,33,4278,2900
ResinTrap,46,7,4973,2440
ResinTrap,46,7,4286,2905
ResinTrap,47,13,4183,1138
ResinTrap,47,7,6275,1554
ResinTrap,47,7,6272,1550
ResinTrap,51,58,4280,2901
ResinTrap,51,20,4165,2079
ResinTrap,51,18,4278,2900
ResinTrap,51,13,4981,2444
ResinTrap,51,7,6274,1553
ResinTrap,52,10,4171,2080
ResinTrap,52,7,6059,2527
ResinTrap,53,17,4950,3470
ResinTrap,53,13,4951,3475
ResinTrap,53,13,4122,1540
ResinTrap,54,7,4974,2440
ResinTrap,54,7,6349,1540
ResinTrap,54,7,4500,2795
ResinTrap,54,7,4952,3480
ResinTrap,55,13,5116,2949
ResinTrap,55,10,4499,2790
ResinTrap,55,7,4023,1271
ResinTrap,55,7,5740,984
ResinTrap,56,23,6172,2389
ResinTrap,56,10,4108,1108
ResinTrap,56,10,5141,2822
ResinTrap,56,10,4107,1113
ResinTrap,56,7,5052,1110
ResinTrap,56,7,4121,1543
ResinTrap,56,7,5062,1087
ResinTrap,56,7,4117,1552
ResinTrap,56,7,4347,1512
ResinTrap,58,13,6062,2522
ResinTrap,58,13,6064,2519
ResinTrap,58,7,5072,3245
ResinTrap,58,7,4981,2444
ResinTrap,58,7,5062,1088
ResinTrap,59,7,5054,1107
ResinTrap,59,7,5062,3221
ResinTrap,59,7,5111,1148
ResinTrap,60,7,5149,2907
ResinTrap,60,7,5330,3583
ResinTrap,61,20,4981,2444
ResinTrap,61,12,5818,1493
ResinTrap,61,7,5822,1496
ResinTrap,61,7,6374,2558
ResinTrap,61,7,4327,2900
ResinTrap,61,7,4974,2440
ResinTrap,62,10,3520,2745
ResinTrap,62,7,3778,2461
ResinTrap,62,7,6692,2381
ResinTrap,63,25,4032,1283
ResinTrap,63,7,3756,2452
ResinTrap,64,7,5521,1323
ResinTrap,64,7,5991,847
ResinTrap,64,7,5067,3234
ResinTrap,65,18,5516,1314
ResinTrap,65,9,4958,3451
ResinTrap,65,7,5071,2798
ResinTrap,65,7,4090,1135
ResinTrap,66,23,5171,1066
ResinTrap,66,20,4981,2444
ResinTrap,66,7,4070,1143
ResinTrap,66,7,3761,2454
ResinTrap,67,13,6036,1527
ResinTrap,67,7,4198,2121
ResinTrap,67,7,4973,2440
ResinTrap,67,7,4962,3447
ResinTrap,67,7,4964,3444
ResinTrap,69,7,6401,2373
ResinTrap,69,7,3982,2648
ResinTrap,69,7,3980,2651
ResinTrap,69,7,4083,1138
ResinTrap,69,7,3984,2645
ResinTrap,70,20,3184,2550
ResinTrap,70,7,4077,1140
ResinTrap,71,13,5852,1435
ResinTrap,71,13,4981,2444
ResinTrap,71,7,5294,1028
ResinTrap,71,7,4192,2137
ResinTrap,71,7,5310,1034
ResinTrap,72,7,4974,2440
ResinTrap,73,42,5283,3497
ResinTrap,73,7,6393,2369
ResinTrap,73,7,3993,1280
ResinTrap,74,13,5185,1296
ResinTrap,74,7,5305,1032
ResinTrap,75,48,6785,1938
ResinTrap,75,7,6791,1937
ResinTrap,75,7,6327,1504
ResinTrap,75,7,6330,1506
ResinTrap,76,7,5713,887
ResinTrap,76,7,5716,898
ResinTrap,77,13,4077,1289
ResinTrap,77,7,4254,2970
ResinTrap,77,7,4981,2444
ResinTrap,77,7,4259,2971
ResinTrap,78,7,4931,3456
ResinTrap,79,7,4974,2440
ResinTrap,79,7,4916,3451
ResinTrap,80,7,3287,2766
ResinTrap,81,13,4918,3452
ResinTrap,81,7,4981,2444
ResinTrap,82,27,4973,2440
ResinTrap,83,16,6204,2574
ResinTrap,84,30,3355,2748
ResinTrap,84,7,3290,2756
ResinTrap,85,20,4981,2444
ResinTrap,85,13,3352,2743
ResinTrap,87,7,3956,2601
ResinTrap,90,18,6437,3072
ResinTrap,91,13,4981,2444
ResinTrap,93,7,3966,2607
ResinTrap,95,13,4981,2444
ResinTrap,97,7,6477,1644
ResinTrap,100,7,4650,2222
ResinTrap,102,33,4588,2499
ResinTrap,102,10,4588,2500
ResinTrap,102,7,4657,2217
ResinTrap,103,9,6611,981
ResinTrap,103,7,4660,2215
ResinTrap,105,13,4156,3529
ResinTrap,105,7,6250,866
ResinTrap,107,7,5182,3801
ResinTrap,109,13,4157,3531
ResinTrap,110,7,6299,875
ResinTrap,112,7,4157,3531
ResinTrap,116,173,6654,2948
ResinTrap,116,7,4981,2444
ResinTrap,118,20,4158,3533
ResinTrap,120,43,6523,2032
ResinTrap,120,27,6522,2026
ResinTrap,120,10,6524,2037
ResinTrap,122,7,6688,1850
ResinTrap,124,20,4159,3535
ResinTrap,130,20,4160,3537
ResinTrap,130,7,4167,3557
ResinTrap,137,10,6847,3050
ResinTrap,137,10,6852,3049
ResinTrap,137,7,6842,3051
ResinTrap,140,98,3552,473
ResinTrap,140,25,3548,470
ResinTrap,141,20,4161,3538
ResinTrap,142,136,6445,3056
ResinTrap,142,20,6445,3063
ResinTrap,143,53,7157,1128
ResinTrap,143,17,3657,2362
ResinTrap,146,123,6651,2924
ResinTrap,146,30,6652,2929
ResinTrap,146,20,6651,2925
ResinTrap,146,7,6654,2940
ResinTrap,146,7,6380,731
ResinTrap,147,7,5505,3883
ResinTrap,148,13,4162,3540
ResinTrap,149,9,6405,751
ResinTrap,152,27,4165,3551
ResinTrap,154,12,6398,745
ResinTrap,155,7,4163,3542
ResinTrap,155,7,5017,3345
ResinTrap,156,33,4164,3545
ResinTrap,157,7,4357,2621
ResinTrap,158,13,4374,2611
ResinTrap,159,7,4361,2619
ResinTrap,160,16,3169,2524
ResinTrap,160,7,3167,2520
ResinTrap,163,17,4110,2252
ResinTrap,175,198,6654,2954
ResinTrap,175,17,4877,3159
ResinTrap,180,7,6600,1699
ResinTrap,181,7,6597,1703
ResinTrap,185,13,5821,1858
ResinTrap,186,7,5290,3968
ResinTrap,187,7,5298,3952
ResinTrap,189,47,5822,1859
ResinTrap,190,17,3844,1816
ResinTrap,192,7,5277,3889
ResinTrap,192,7,4711,2447
ResinTrap,193,53,7159,1123
ResinTrap,193,10,6746,2774
ResinTrap,193,7,5150,2300
ResinTrap,193,7,4503,1869
ResinTrap,194,7,3326,312
ResinTrap,195,7,4535,1568
ResinTrap,196,12,6949,2163
ResinTrap,196,7,6691,3043
ResinTrap,196,7,6733,2867
ResinTrap,198,28,7166,1101
ResinTrap,199,7,5504,2301
ResinTrap,200,10,5935,1802
ResinTrap,200,7,7332,746
ResinTrap,200,7,7334,743
ResinTrap,201,162,6672,2964
ResinTrap,201,28,6004,1205
ResinTrap,201,21,7475,847
ResinTrap,201,20,6449,3057
ResinTrap,201,13,7523,952
ResinTrap,201,10,5902,1868
ResinTrap,201,7,6387,3229
ResinTrap,203,9,5483,3124
ResinTrap,204,7,6680,2969
ResinTrap,205,33,7165,1106
ResinTrap,205,7,6628,2729
ResinTrap,205,7,3661,415
ResinTrap,206,9,3581,568
ResinTrap,209,43,7068,654
ResinTrap,211,123,7072,657
ResinTrap,212,18,5913,1824
ResinTrap,214,19,4112,1987
ResinTrap,214,7,7073,658
ResinTrap,215,7,6796,2923
ResinTrap,217,7,6756,2773
ResinTrap,224,7,6657,1846
ResinTrap,227,18,4856,4104
ResinTrap,228,7,5115,2265
ResinTrap,237,17,4868,4098
ResinTrap,241,7,4578,3021
ResinTrap,242,7,5749,4208
ResinTrap,245,7,6747,2788
ResinTrap,250,7,5191,1959
ResinTrap,250,7,7364,1093
ResinTrap,250,7,5193,1962
ResinTrap,252,13,7163,1110
ResinTrap,252,7,5172,1948
ResinTrap,253,7,4594,1831
ResinTrap,254,40,7162,1114
ResinTrap,256,7,6720,2869
ResinTrap,257,28,5742,1301
ResinTrap,257,13,5482,2395
ResinTrap,257,7,6726,2870
ResinTrap,258,7,4901,634
ResinTrap,264,7,3657,3228
ResinTrap,265,7,5252,1813
ResinTrap,266,23,5247,1905
ResinTrap,268,10,5707,4219
ResinTrap,271,27,4738,2247
ResinTrap,275,7,4746,2274
ResinTrap,276,30,3383,1519
ResinTrap,279,10,2817,2785
ResinTrap,279,7,2816,2781
ResinTrap,288,7,4745,2271
ResinTrap,289,7,2849,2777
ResinTrap,293,20,4740,2251
ResinTrap,293,15,3632,2408
ResinTrap,295,7,4963,1247
ResinTrap,295,7,5396,2050
ResinTrap,295,7,6723,2734
ResinTrap,297,10,3619,2408
ResinTrap,297,7,6731,2749
ResinTrap,299,20,5899,933
ResinTrap,299,7,5904,952
ResinTrap,299,7,6728,2742
ResinTrap,300,38,5912,993
ResinTrap,300,7,4744,2269
ResinTrap,301,180,4742,2257
ResinTrap,301,13,4742,2259
ResinTrap,304,37,4742,2258
ResinTrap,304,20,4741,2253
ResinTrap,314,12,4149,1486
ResinTrap,318,7,4410,2202
ResinTrap,319,7,6719,1965
ResinTrap,322,7,6725,1904
ResinTrap,322,7,6729,1906
ResinTrap,322,7,6028,939
ResinTrap,322,7,6595,2991
ResinTrap,325,54,5246,1707
ResinTrap,326,7,4495,2040
ResinTrap,330,9,5179,3562
ResinTrap,332,28,3808,2498
ResinTrap,333,22,6343,2417
ResinTrap,333,7,5095,2203
ResinTrap,333,7,4389,2279
ResinTrap,334,9,5234,1692
ResinTrap,334,7,7130,2324
ResinTrap,335,19,4062,1316
ResinTrap,335,7,4261,2872
ResinTrap,336,34,3668,2584
ResinTrap,337,18,4258,2875
ResinTrap,338,20,3782,2578
ResinTrap,339,7,5166,1910
ResinTrap,341,13,6614,2714
ResinTrap,341,7,5178,3615
ResinTrap,341,7,4943,2217
ResinTrap,341,7,5174,3621
ResinTrap,342,16,5168,1912
ResinTrap,342,7,5092,2202
ResinTrap,344,62,6608,2704
ResinTrap,344,7,6613,2712
ResinTrap,345,7,5068,2194
ResinTrap,346,28,3280,1135
ResinTrap,348,53,5230,1865
ResinTrap,348,20,6606,2701
ResinTrap,348,7,5232,1874
ResinTrap,348,7,5068,2194
ResinTrap,350,24,5648,1048
ResinTrap,352,37,3684,2325
ResinTrap,353,13,4974,3205
ResinTrap,354,9,3921,2471
ResinTrap,354,7,3692,2327
ResinTrap,356,7,5377,4045
ResinTrap,357,10,3937,2523
ResinTrap,357,7,6631,2966
ResinTrap,357,7,3930,2506
ResinTrap,358,7,5277,1676
ResinTrap,358,7,5041,2203
ResinTrap,362,7,5261,1677
ResinTrap,363,13,5265,1675
ResinTrap,363,10,5271,1674
ResinTrap,363,7,7174,1098
ResinTrap,364,7,5030,2214
ResinTrap,374,35,4731,1926
ResinTrap,378,10,5237,1703
ResinTrap,382,7,5258,3721
ResinTrap,383,27,5041,2149
ResinTrap,383,7,4210,2949
ResinTrap,384,7,5044,2159
ResinTrap,389,13,3965,3237
ResinTrap,389,7,4203,2959
ResinTrap,389,7,5036,2209
ResinTrap,389,7,3968,3243
ResinTrap,392,18,5030,2215
ResinTrap,392,7,5028,2221
ResinTrap,397,7,5031,2208
ResinTrap,400,7,5023,2225
ResinTrap,401,17,6652,2928
ResinTrap,403,19,6673,2964
ResinTrap,408,28,4938,2196
ResinTrap,413,28,4164,3005
ResinTrap,415,69,6618,2973
ResinTrap,416,20,5011,2218
ResinTrap,417,62,6611,2977
ResinTrap,418,13,5992,2986
ResinTrap,418,7,5990,2983
ResinTrap,418,7,6615,2977
ResinTrap,419,7,5049,1579
ResinTrap,421,13,6620,2974
ResinTrap,421,7,5781,1837
ResinTrap,424,7,6616,2977
ResinTrap,424,7,6619,2975
ResinTrap,424,7,6613,2979
ResinTrap,425,7,5006,2172
ResinTrap,427,7,6619,2975
ResinTrap,427,7,6616,2977
ResinTrap,428,32,6613,2975
ResinTrap,429,7,5489,3131
ResinTrap,429,7,6622,2307
ResinTrap,430,7,5524,2957
ResinTrap,437,7,4207,3039
ResinTrap,439,7,4206,3043
ResinTrap,441,102,4205,3053
ResinTrap,451,53,7455,1096
ResinTrap,452,10,5126,1640
ResinTrap,452,7,5127,1634
ResinTrap,460,283,5453,3023
ResinTrap,460,18,7327,736
ResinTrap,460,10,6576,2624
ResinTrap,462,130,5452,3017
ResinTrap,465,7,4838,3882
ResinTrap,466,7,4915,2262
ResinTrap,467,53,7456,1098
ResinTrap,468,90,5453,3023
ResinTrap,469,7,6758,2216
ResinTrap,470,7,6218,3360
ResinTrap,472,13,4851,3996
ResinTrap,484,7,7468,1125
ResinTrap,492,7,5078,2049
ResinTrap,495,7,4822,3834
ResinTrap,499,33,7467,1122
ResinTrap,505,7,4911,631
ResinTrap,507,34,5076,2048
ResinTrap,514,7,5642,2355
ResinTrap,546,7,5810,1880
ResinTrap,562,47,7463,1113
ResinTrap,574,7,7020,2705
ResinTrap,575,18,4970,2020
ResinTrap,576,23,5293,1846
ResinTrap,577,12,5280,1886
ResinTrap,577,7,4968,2025
ResinTrap,578,7,5213,1835
ResinTrap,580,7,5262,1815
ResinTrap,582,10,5313,1840
ResinTrap,584,10,5259,1896
ResinTrap,587,7,5288,1868
ResinTrap,589,10,5263,1788
ResinTrap,591,13,5234,1815
ResinTrap,591,7,5240,1814
ResinTrap,597,19,6661,929
ResinTrap,600,9,4191,3179
ResinTrap,602,7,6350,2988
ResinTrap,602,7,6347,2990
ResinTrap,605,7,5172,3641
ResinTrap,607,7,5172,1774
ResinTrap,608,13,5169,1769
ResinTrap,610,9,4738,1712
ResinTrap,621,7,5080,1580
ResinTrap,623,12,5105,3732
ResinTrap,625,32,5068,1563
ResinTrap,625,7,5068,1563
ResinTrap,626,7,5101,1588
ResinTrap,628,7,7525,941
ResinTrap,631,7,5065,1557
ResinTrap,634,7,6317,2914
ResinTrap,636,7,5064,1556
ResinTrap,639,12,5053,1586
ResinTrap,639,7,5057,1584
ResinTrap,641,10,6993,2488
ResinTrap,646,7,4656,2004
ResinTrap,647,60,7297,659
ResinTrap,649,357,7286,657
ResinTrap,649,60,7291,658
ResinTrap,649,7,5604,1770
ResinTrap,651,7,5494,3390
ResinTrap,654,7,5516,3396
ResinTrap,654,7,5493,3391
ResinTrap,656,12,5533,3410
ResinTrap,657,7,5501,3393
ResinTrap,660,18,5058,1545
ResinTrap,660,10,5527,2963
ResinTrap,660,10,4149,3210
ResinTrap,660,7,5527,3412
ResinTrap,662,7,5062,1551
ResinTrap,663,7,5522,3413
ResinTrap,663,7,4839,2264
ResinTrap,664,7,5524,3420
ResinTrap,667,7,4313,1613
ResinTrap,667,7,5519,3421
ResinTrap,670,10,2896,3131
ResinTrap,670,7,2965,3144
ResinTrap,671,40,5362,2235
ResinTrap,672,40,5359,2229
ResinTrap,672,10,5362,2232
ResinTrap,672,7,5511,3423
ResinTrap,677,7,5503,3426
ResinTrap,680,17,6617,2358
ResinTrap,681,42,4968,2606
ResinTrap,681,10,5496,3425
ResinTrap,682,7,5495,3429
ResinTrap,691,7,2931,3136
ResinTrap,693,7,4809,2492
ResinTrap,698,7,5065,2174
ResinTrap,700,9,5457,3105
ResinTrap,700,7,5056,2154
ResinTrap,711,20,5115,1642
ResinTrap,711,13,5113,1646
ResinTrap,712,75,5115,1637
ResinTrap,718,7,5635,2047
ResinTrap,719,7,6407,2706
ResinTrap,720,12,7319,734
ResinTrap,723,7,7489,854
ResinTrap,724,28,6785,2431
ResinTrap,726,7,4217,3067
ResinTrap,731,7,4791,3786
ResinTrap,736,7,4978,1685
ResinTrap,737,7,5570,2256
ResinTrap,739,12,4968,1690
ResinTrap,739,7,4843,4122
ResinTrap,743,7,4706,2080
ResinTrap,746,7,4697,1728
ResinTrap,747,18,4829,2346
ResinTrap,747,7,4826,2342
ResinTrap,749,18,5045,2556
ResinTrap,749,7,6416,2834
ResinTrap,757,7,6810,2520
ResinTrap,760,7,5302,3415
ResinTrap,768,7,5005,2569
ResinTrap,769,7,5060,1888
ResinTrap,772,17,7271,1114
ResinTrap,786,7,3596,3102
ResinTrap,786,7,3597,3105
ResinTrap,787,7,5013,1457
ResinTrap,795,14,5529,4004
ResinTrap,797,7,5078,1432
ResinTrap,806,7,4856,2374
ResinTrap,809,7,5650,1399
ResinTrap,816,10,5648,1407
ResinTrap,827,7,7368,1113
ResinTrap,829,24,6887,1091
ResinTrap,835,10,6812,2708
ResinTrap,839,7,7513,1046
ResinTrap,844,7,4863,4101
ResinTrap,845,20,4869,4111
ResinTrap,845,13,4866,4105
ResinTrap,850,7,5670,1336
ResinTrap,860,7,6394,2565
ResinTrap,873,7,4922,4090
ResinTrap,874,20,4926,4089
ResinTrap,878,20,4931,4086
ResinTrap,890,7,5554,2885
ResinTrap,890,7,5525,2968
ResinTrap,891,7,5549,2884
ResinTrap,898,7,5438,3736
ResinTrap,900,28,4050,3028
ResinTrap,901,20,4910,3962
ResinTrap,902,7,4913,3959
ResinTrap,905,9,4857,4157
ResinTrap,906,28,4854,4156
ResinTrap,908,13,4799,1338
ResinTrap,909,7,4915,3955
ResinTrap,910,10,5969,1815
ResinTrap,911,10,5974,1816
ResinTrap,912,10,5979,1817
ResinTrap,912,7,4876,4128
ResinTrap,924,24,6342,2624
ResinTrap,931,12,4903,3910
ResinTrap,931,9,4911,2323
ResinTrap,936,7,4795,1374
ResinTrap,937,10,4798,1376
ResinTrap,943,7,4081,3474
ResinTrap,944,7,4080,3471
ResinTrap,945,41,4809,1097
ResinTrap,945,7,4078,3466
ResinTrap,946,7,4066,3443
ResinTrap,947,20,4070,3449
ResinTrap,947,7,4068,3446
ResinTrap,949,7,4824,1099
ResinTrap,957,13,4984,4110
ResinTrap,958,13,4977,4105
ResinTrap,958,7,4974,4104
ResinTrap,967,7,4533,1567
ResinTrap,968,9,6487,2764
ResinTrap,969,7,6333,2682
ResinTrap,973,7,4512,1909
ResinTrap,980,7,7164,792
ResinTrap,982,10,7234,836
ResinTrap,982,7,7158,801
ResinTrap,983,17,7236,823
ResinTrap,983,7,7235,831
ResinTrap,984,13,7153,806
ResinTrap,987,7,5038,3915
ResinTrap,992,12,6903,752
ResinTrap,995,64,3283,2280
ResinTrap,996,10,4594,1623
ResinTrap,997,7,4793,3779
ResinTrap,1008,7,5252,1376
ResinTrap,1008,7,5249,1375
ResinTrap,1009,19,7315,880
ResinTrap,1012,7,6856,791
ResinTrap,1013,13,6854,799
ResinTrap,1015,41,7368,1114
ResinTrap,1016,7,7314,873
ResinTrap,1017,7,7313,868
ResinTrap,1018,7,7401,1094
ResinTrap,1021,10,7352,1114
ResinTrap,1028,33,3251,2279
ResinTrap,1029,10,3256,2280
ResinTrap,1041,77,3349,2295
ResinTrap,1041,7,7275,932
ResinTrap,1060,7,3360,2313
ResinTrap,1063,7,3362,2317
ResinTrap,1064,61,3281,2340
ResinTrap,1064,7,5303,1366
ResinTrap,1065,18,5308,1372
ResinTrap,1068,23,4457,1472
ResinTrap,1068,7,3944,3094
ResinTrap,1069,7,4493,1648
ResinTrap,1073,7,3947,3119
ResinTrap,1076,7,4433,1496
ResinTrap,1076,7,5353,1146
ResinTrap,1079,7,3713,2299
ResinTrap,1080,57,3371,2279
ResinTrap,1086,7,5765,1675
ResinTrap,1089,23,3334,2300
ResinTrap,1090,60,3328,2299
ResinTrap,1090,7,5187,3656
ResinTrap,1090,7,3288,2359
ResinTrap,1091,10,5078,3678
ResinTrap,1091,7,5431,2383
ResinTrap,1092,7,5085,3660
ResinTrap,1092,7,5084,3663
ResinTrap,1092,7,5083,3666
ResinTrap,1096,165,5188,3657
ResinTrap,1096,10,5189,3659
ResinTrap,1099,17,5677,1590
ResinTrap,1100,31,6457,3030
ResinTrap,1100,12,6472,3042
ResinTrap,1101,7,3755,2293
ResinTrap,1104,19,4436,1590
ResinTrap,1104,7,4716,1456
ResinTrap,1106,7,3297,2375
ResinTrap,1107,7,6450,3015
ResinTrap,1108,14,5587,1598
ResinTrap,1108,7,6447,3010
ResinTrap,1112,7,6482,3024
ResinTrap,1113,14,5630,1584
ResinTrap,1113,7,7200,1097
ResinTrap,1114,98,3117,2418
ResinTrap,1115,9,4978,4044
ResinTrap,1115,7,7220,1091
ResinTrap,1116,7,7215,1092
ResinTrap,1117,90,3163,2390
ResinTrap,1117,58,3172,2392
ResinTrap,1118,10,7209,1093
ResinTrap,1119,7,7205,1094
ResinTrap,1119,7,5719,2483
ResinTrap,1121,10,5548,2879
ResinTrap,1127,13,6383,3058
ResinTrap,1129,50,6386,3058
ResinTrap,1130,7,3306,2258
ResinTrap,1132,7,6511,2929
ResinTrap,1133,51,6508,2912
ResinTrap,1134,37,5190,3664
ResinTrap,1135,7,6433,2812
ResinTrap,1137,13,3312,2241
ResinTrap,1138,7,3308,2255
ResinTrap,1139,17,2886,3124
ResinTrap,1144,50,3311,2245
ResinTrap,1144,20,3310,2250
ResinTrap,1149,7,5541,2926
ResinTrap,1151,7,5041,3831
ResinTrap,1156,17,4335,2122
ResinTrap,1156,7,4344,2123
ResinTrap,1160,7,4788,1627
ResinTrap,1166,9,6416,2787
ResinTrap,1167,203,5189,3660
ResinTrap,1168,7,4357,2060
ResinTrap,1171,17,5196,3622
ResinTrap,1171,7,3648,2340
ResinTrap,1172,7,4826,3960
ResinTrap,1172,7,3646,2343
ResinTrap,1172,7,4047,3095
ResinTrap,1173,13,4045,3104
ResinTrap,1173,10,4046,3099
ResinTrap,1174,7,6374,3030
ResinTrap,1175,14,3153,2709
ResinTrap,1175,9,5070,1460
ResinTrap,1176,7,5228,3608
ResinTrap,1177,7,4119,3155
ResinTrap,1178,20,3061,2432
ResinTrap,1178,13,5220,3609
ResinTrap,1178,10,3963,3090
ResinTrap,1179,40,6974,820
ResinTrap,1179,7,3248,2400
ResinTrap,1179,7,4321,2139
ResinTrap,1181,7,3063,2436
ResinTrap,1181,7,3234,2409
ResinTrap,1183,7,3191,2402
ResinTrap,1183,7,3233,2410
ResinTrap,1185,18,3232,2411
ResinTrap,1185,13,7124,847
ResinTrap,1185,7,7125,843
ResinTrap,1186,55,3231,2409
ResinTrap,1186,52,3188,2403
ResinTrap,1186,20,5054,3567
ResinTrap,1186,7,3245,2404
ResinTrap,1186,7,3240,2407
ResinTrap,1187,7,4955,3982
ResinTrap,1187,7,4961,3996
ResinTrap,1188,9,3179,2410
ResinTrap,1189,7,5057,3569
ResinTrap,1190,20,4959,3988
ResinTrap,1190,10,4862,1595
ResinTrap,1190,7,5044,1500
ResinTrap,1190,7,3183,2408
ResinTrap,1190,7,4957,3985
ResinTrap,1191,9,3064,2918
ResinTrap,1191,7,4856,1330
ResinTrap,1194,7,3105,2443
ResinTrap,1195,7,5121,2719
ResinTrap,1196,32,4444,2039
ResinTrap,1196,12,3103,2444
ResinTrap,1196,7,6434,3086
ResinTrap,1196,7,3107,2442
ResinTrap,1197,7,3890,3076
ResinTrap,1197,7,3110,2440
ResinTrap,1198,7,4889,2682
ResinTrap,1199,66,6424,3065
ResinTrap,1199,7,6432,3083
ResinTrap,1199,7,3108,2442
ResinTrap,1203,7,6527,2797
ResinTrap,1204,7,6429,3078
ResinTrap,1205,7,6529,2788
ResinTrap,1206,22,4921,1569
ResinTrap,1207,10,6364,3006
ResinTrap,1209,102,6360,2999
ResinTrap,1209,7,5244,2308
ResinTrap,1210,7,3121,2407
ResinTrap,1212,17,7158,905
ResinTrap,1212,12,5177,3660
ResinTrap,1213,9,6859,894
ResinTrap,1216,7,3110,2388
ResinTrap,1217,7,6522,2726
ResinTrap,1217,7,6520,2732
ResinTrap,1217,7,3117,2407
ResinTrap,1217,7,6521,2729
ResinTrap,1219,7,3116,2407
ResinTrap,1223,10,6428,2748
ResinTrap,1223,7,3153,2466
ResinTrap,1224,20,6502,3035
ResinTrap,1225,10,6562,2761
ResinTrap,1225,7,6432,2745
ResinTrap,1225,7,6559,2762
ResinTrap,1229,48,6364,3033
ResinTrap,1230,7,3107,2399
ResinTrap,1232,7,3108,2405
ResinTrap,1234,7,3156,2491
ResinTrap,1235,7,3938,3069
ResinTrap,1237,13,3151,2479
ResinTrap,1241,67,3196,2430
ResinTrap,1241,30,6490,3016
ResinTrap,1241,20,3194,2428
ResinTrap,1241,10,3198,2429
ResinTrap,1243,20,4993,3962
ResinTrap,1244,7,3150,2486
ResinTrap,1246,10,3150,2489
ResinTrap,1247,23,5215,2345
ResinTrap,1251,9,5088,1485
ResinTrap,1251,7,5181,3669
ResinTrap,1252,28,5058,1603
ResinTrap,1252,12,4875,3832
ResinTrap,1253,18,6361,2963
ResinTrap,1253,17,4464,2175
ResinTrap,1253,13,5933,1861
ResinTrap,1253,9,4878,3828
ResinTrap,1253,7,6360,2965
ResinTrap,1254,12,4454,2180
ResinTrap,1255,7,6430,3014
ResinTrap,1257,7,6424,3022
ResinTrap,1259,7,6423,3022
ResinTrap,1259,7,6427,3016
ResinTrap,1260,7,5030,3714
ResinTrap,1260,7,6327,3097
ResinTrap,1261,7,5034,3722
ResinTrap,1262,75,6421,3012
ResinTrap,1263,13,5416,1386
ResinTrap,1263,7,6422,3019
ResinTrap,1264,10,6422,2777
ResinTrap,1265,7,6420,3020
ResinTrap,1265,7,6422,3017
ResinTrap,1265,7,6423,2774
ResinTrap,1266,7,3031,3080
ResinTrap,1267,13,7257,993
ResinTrap,1269,7,5180,2401
ResinTrap,1270,32,5352,1663
ResinTrap,1270,7,3023,3080
ResinTrap,1270,7,7286,844
ResinTrap,1271,22,5089,1580
ResinTrap,1272,7,6364,3027
ResinTrap,1273,15,4550,1798
ResinTrap,1274,28,5394,1367
ResinTrap,1274,10,3479,2388
ResinTrap,1274,10,6368,3029
ResinTrap,1275,9,4519,1807
ResinTrap,1276,10,4760,1892
ResinTrap,1279,7,6322,3059
ResinTrap,1285,35,5310,1614
ResinTrap,1285,7,6320,2479
ResinTrap,1288,34,5395,1490
ResinTrap,1288,23,5388,1440
ResinTrap,1288,22,5519,1650
ResinTrap,1288,7,4685,1808
ResinTrap,1288,7,4600,1752
ResinTrap,1289,13,5397,1468
ResinTrap,1290,7,4992,3832
ResinTrap,1293,14,4854,2219
ResinTrap,1294,9,5354,1743
ResinTrap,1295,7,5109,3721
ResinTrap,1297,10,3393,2414
ResinTrap,1297,7,3394,2409
ResinTrap,1298,13,6268,2908
ResinTrap,1299,18,5272,1399
ResinTrap,1299,10,5400,1811
ResinTrap,1301,26,5345,1785
ResinTrap,1301,7,6444,2773
ResinTrap,1302,32,5145,2098
ResinTrap,1302,20,6352,3101
ResinTrap,1305,48,5665,1726
ResinTrap,1305,27,3393,2413
ResinTrap,1305,27,3392,2418
ResinTrap,1307,21,5613,1813
ResinTrap,1307,7,3394,2409
ResinTrap,1309,18,5305,1872
ResinTrap,1310,34,5316,1869
ResinTrap,1310,12,4901,2133
ResinTrap,1310,7,6083,3047
ResinTrap,1317,9,5263,1911
ResinTrap,1322,18,5239,1944
ResinTrap,1325,89,5330,1723
ResinTrap,1326,25,4917,2261
ResinTrap,1334,32,5171,2392
ResinTrap,1334,13,5419,1993
ResinTrap,1334,9,4908,2308
ResinTrap,1336,7,6274,3036
ResinTrap,1336,7,6266,3039
ResinTrap,1338,7,6269,3038
ResinTrap,1339,14,4625,2028
ResinTrap,1340,13,4895,2276
ResinTrap,1343,24,5104,2272
ResinTrap,1344,12,5349,2056
ResinTrap,1344,10,5439,2062
ResinTrap,1346,17,4671,2010
ResinTrap,1348,36,5374,2027
ResinTrap,1349,7,4936,2296
ResinTrap,1352,22,5016,2328
ResinTrap,1354,34,4723,2052
ResinTrap,1356,15,5392,2228
ResinTrap,1360,7,6348,3084
ResinTrap,1362,13,5477,2179
ResinTrap,1362,7,5476,2177
ResinTrap,1373,7,3019,2884
ResinTrap,1375,7,3105,3031
ResinTrap,1378,7,3011,2891
ResinTrap,1387,7,3112,2489
ResinTrap,1392,10,5155,1854
ResinTrap,1392,7,5173,1828
ResinTrap,1394,7,5161,1838
ResinTrap,1401,13,5168,1781
ResinTrap,1408,7,2938,2546
ResinTrap,1408,7,2935,2544
ResinTrap,1416,7,7110,943
ResinTrap,1426,7,5694,1728
ResinTrap,1435,45,5392,2671
ResinTrap,1439,7,4576,2067
ResinTrap,1446,9,5378,2671
ResinTrap,1498,9,3210,2799
ResinTrap,1498,7,5501,1809
ResinTrap,1502,7,5418,1291
ResinTrap,1518,7,5326,2565
ResinTrap,1520,7,5310,2564
ResinTrap,1532,7,3194,2766
ResinTrap,1551,7,5295,1619
ResinTrap,1557,17,5292,1605
ResinTrap,1561,7,4584,2080
ResinTrap,1566,7,4603,2074
ResinTrap,1575,19,5463,1324
ResinTrap,1584,7,5409,2029
ResinTrap,1584,7,5331,2083
ResinTrap,1595,12,4820,1920
ResinTrap,1603,40,5283,2063
ResinTrap,1603,10,5290,2063
ResinTrap,1604,10,5279,2065
ResinTrap,1605,7,5097,1582
ResinTrap,1610,7,4916,1576
ResinTrap,1623,18,5580,1732
ResinTrap,1624,13,5547,1774
ResinTrap,1637,7,5602,1852
ResinTrap,1651,7,4971,2053
ResinTrap,1656,7,4972,2045
ResinTrap,1657,21,5533,1738
ResinTrap,1665,7,5378,1687
ResinTrap,1672,10,4953,1781
ResinTrap,1673,7,4951,1774
ResinTrap,1689,19,4394,1847
ResinTrap,1729,13,5055,1728
ResinTrap,1747,7,4575,2074
ResinTrap,1748,7,4571,2081
ResinTrap,1774,7,5461,1970
ResinTrap,1776,7,5455,1985
ResinTrap,1777,7,5457,1982
ResinTrap,1796,80,5501,1960
ResinTrap,1798,14,4740,1855
ResinTrap,1800,78,5496,1961
ResinTrap,1802,7,5493,1968
ResinTrap,1826,20,4680,2030
ResinTrap,1833,7,5053,2356
ResinTrap,1834,7,5058,2358
ResinTrap,1835,7,5055,2357
ResinTrap,1835,7,4741,1996
ResinTrap,1837,10,4863,2167
ResinTrap,1853,12,4811,1901
ResinTrap,1855,10,5079,2182
ResinTrap,1859,7,4647,2132
ResinTrap,1871,22,5509,1916
ResinTrap,1883,10,5549,1925
ResinTrap,1885,7,5397,1993
ResinTrap,1889,56,5320,1853
ResinTrap,1890,7,5352,1897
ResinTrap,1892,14,5302,1899
ResinTrap,1973,12,4975,2067
ResinTrap,1982,31,4908,2010
ResinTrap,1999,20,5081,1866
ResinTrap,2021,7,5124,2197
SuctionCup,583,251832,6937,2349
SuctionCup,1008,9306,3264,2275
SuctionCup,1131,65414,3111,2392
SuctionCup,1238,18408,6328,2966
TouchingBound,0,3243,3165,1
TouchingBound,1,3297,3162,1
TouchingBound,2,3348,3159,1
TouchingBound,3,3400,3156,1
TouchingBound,4,3451,3154,1
TouchingBound,5,3505,3151,1
TouchingBound,6,3560,3148,1
