Island,223,31,5174,1618
Island,360,297,5173,1463
Island,361,68,5191,1429
Island,397,364,4871,1265
Island,415,1544,4814,1415
Island,430,461,4978,1250
Island,458,3,5169,1300
Island,565,44,4254,1391
Island,615,45,4560,1998
Island,619,277,4721,1404
Island,660,110,4583,2169
Island,719,1,5395,1574
Island,720,6,5391,1585
Island,722,31,4636,2322
Island,739,348,4899,2185
Island,739,53,5422,1623
Island,742,95,5376,1624
Island,753,2,5434,1678
Island,798,2,5406,1823
Island,799,412,5396,1810
Island,802,26,4700,2463
Island,822,17,5449,1840
Island,829,135,5579,1603
Island,840,34,5353,1855
Island,841,508,5344,1845
Island,880,43,5255,1829
Island,1015,135,3421,1563
Island,1052,1,5013,2773
Island,1072,2,4558,2942
Island,1072,1,4561,2940
Island,1081,20,4463,3010
Island,1083,1,4520,2983
Island,1091,308,3436,1695
Island,1091,294,3305,1678
Island,1123,73,3324,1717
Island,1125,12,4797,2896
Island,1128,73,3241,1659
Island,1131,336,5366,1393
Island,1153,242,5264,1520
Island,1262,8,3882,2421
Island,1263,283,3877,2417
Island,1272,7,3782,1766
Island,1273,1,3777,1784
Island,1405,9,4091,2617
Island,1429,10,3960,2453
Island,1430,48,3955,2452
Island,1530,138,3707,1251
ResinTrap,55,26,4841,2137
ResinTrap,55,23,5230,2332
ResinTrap,61,23,4641,1369
ResinTrap,67,33,5234,1343
ResinTrap,75,10,4623,1357
ResinTrap,178,29,5234,1343
ResinTrap,186,9,4635,2345
ResinTrap,234,7,3485,1539
ResinTrap,235,7,4066,1572
ResinTrap,238,27,3479,1575
ResinTrap,238,20,3654,1547
ResinTrap,238,13,4446,1382
ResinTrap,238,7,4069,1382
ResinTrap,238,7,3656,1554
ResinTrap,238,7,3863,1728
ResinTrap,241,10,4235,1358
ResinTrap,241,7,3701,1367
ResinTrap,241,7,3700,1363
ResinTrap,242,33,4458,1359
ResinTrap,243,7,4231,1352
ResinTrap,244,13,3648,1745
ResinTrap,244,7,3672,1527
ResinTrap,251,7,4456,1372
ResinTrap,251,7,4455,1375
ResinTrap,257,7,4452,1342
ResinTrap,261,7,5238,1342
ResinTrap,269,20,5134,1695
ResinTrap,270,10,5146,1699
ResinTrap,271,42,4248,1337
ResinTrap,271,10,5154,1702
ResinTrap,272,10,5162,1705
ResinTrap,273,7,5171,1708
ResinTrap,274,7,5180,1711
ResinTrap,275,7,5188,1714
ResinTrap,276,7,5201,1718
ResinTrap,276,7,5196,1717
ResinTrap,281,82,3677,1565
ResinTrap,290,32,3851,1562
ResinTrap,293,18,4262,1761
ResinTrap,296,10,4459,1745
ResinTrap,300,7,4253,1759
ResinTrap,304,7,3664,1562
ResinTrap,306,7,3675,1583
ResinTrap,309,33,3674,1526
ResinTrap,309,7,3696,1574
ResinTrap,313,98,3862,1537
ResinTrap,314,118,4257,1374
ResinTrap,314,90,4432,1566
ResinTrap,315,137,3689,1544
ResinTrap,317,7,4452,1761
ResinTrap,319,124,4264,1565
ResinTrap,319,13,4270,1566
ResinTrap,322,7,4108,1744
ResinTrap,325,7,3829,1546
ResinTrap,325,7,3830,1549
ResinTrap,326,23,3874,1536
ResinTrap,326,14,4102,1363
ResinTrap,326,7,4435,1557
ResinTrap,327,34,4276,1735
ResinTrap,328,137,4251,1550
ResinTrap,328,7,4446,1738
ResinTrap,329,48,4274,1731
ResinTrap,330,7,4444,1737
ResinTrap,335,159,4076,1737
ResinTrap,339,17,4081,1746
ResinTrap,341,7,4080,1743
ResinTrap,342,7,3686,1535
ResinTrap,344,7,4066,1733
ResinTrap,345,35,3853,1547
ResinTrap,345,13,4286,1361
ResinTrap,346,18,3681,1733
ResinTrap,347,180,3467,1564
ResinTrap,347,22,4461,1958
ResinTrap,349,7,4237,1556
ResinTrap,350,7,4095,1539
ResinTrap,352,35,4258,1579
ResinTrap,352,33,4229,1576
ResinTrap,353,7,4285,1558
ResinTrap,354,26,3853,1732
ResinTrap,354,13,4249,1727
ResinTrap,357,13,4276,1746
ResinTrap,359,38,3512,1558
ResinTrap,361,55,4081,1733
ResinTrap,366,7,3465,1566
ResinTrap,366,7,3466,1569
ResinTrap,367,10,4087,1743
ResinTrap,373,13,4081,1356
ResinTrap,375,25,4287,1327
ResinTrap,376,7,5157,1604
ResinTrap,379,10,5188,1615
ResinTrap,380,7,4094,1724
ResinTrap,389,7,3681,2159
ResinTrap,391,13,3680,2161
ResinTrap,399,7,3531,1568
ResinTrap,402,7,3536,1570
ResinTrap,402,7,3533,1569
ResinTrap,422,58,4061,1938
ResinTrap,422,9,4067,1939
ResinTrap,426,62,4643,1921
ResinTrap,427,76,4458,1556
ResinTrap,428,45,3491,1550
ResinTrap,429,7,4463,1553
ResinTrap,430,7,4638,1931
ResinTrap,431,7,4461,1563
ResinTrap,433,7,4274,1954
ResinTrap,435,59,4649,1743
ResinTrap,436,10,4063,1919
ResinTrap,436,7,4064,1923
ResinTrap,436,7,4444,2133
ResinTrap,440,7,3896,1359
ResinTrap,452,7,4648,1722
ResinTrap,453,12,4656,1931
ResinTrap,453,7,3876,1346
ResinTrap,456,13,4669,1736
ResinTrap,458,16,5411,1542
ResinTrap,460,13,3420,1574
ResinTrap,460,7,3477,1557
ResinTrap,464,12,4664,1761
ResinTrap,465,10,5420,1363
ResinTrap,469,13,4242,2731
ResinTrap,471,7,4239,2141
ResinTrap,476,17,4251,2122
ResinTrap,476,7,4241,2147
ResinTrap,484,7,5429,1539
ResinTrap,486,101,5427,1537
ResinTrap,487,7,5419,1601
ResinTrap,495,7,5409,1504
ResinTrap,498,13,3897,1735
ResinTrap,509,7,4862,2328
ResinTrap,517,42,3858,2733
ResinTrap,518,7,3854,2743
ResinTrap,571,13,4296,1692
ResinTrap,575,10,4649,2552
ResinTrap,575,7,4653,2553
ResinTrap,582,27,5421,1729
ResinTrap,584,48,5420,1729
ResinTrap,585,12,4836,2324
ResinTrap,585,7,4447,1489
ResinTrap,589,73,5439,1492
ResinTrap,590,30,3281,1358
ResinTrap,591,10,3277,1362
ResinTrap,611,17,5411,1743
ResinTrap,623,7,4592,1535
ResinTrap,704,28,3828,2276
ResinTrap,710,13,4592,2288
ResinTrap,718,7,4717,1439
ResinTrap,719,7,4722,1445
ResinTrap,738,7,5383,1534
ResinTrap,748,7,5380,1642
ResinTrap,772,12,5049,2538
ResinTrap,777,7,5057,2536
ResinTrap,781,7,5026,2710
ResinTrap,799,7,4663,2453
ResinTrap,809,7,4870,1549
ResinTrap,813,7,4855,1515
ResinTrap,814,7,4848,1502
ResinTrap,845,161,5029,2728
ResinTrap,878,7,5008,2870
ResinTrap,879,7,5024,2747
ResinTrap,880,7,5007,2871
ResinTrap,882,7,5006,2872
ResinTrap,883,13,5023,2748
ResinTrap,888,7,5058,2709
ResinTrap,903,9,5263,1830
ResinTrap,926,7,3716,1507
ResinTrap,932,7,5263,1784
ResinTrap,948,12,5230,1739
ResinTrap,948,7,5363,1801
ResinTrap,953,7,5076,1518
ResinTrap,954,7,5061,1455
ResinTrap,957,7,5056,1441
ResinTrap,960,7,5052,1430
ResinTrap,967,7,4148,2621
ResinTrap,969,7,5044,1403
ResinTrap,971,10,5042,1394
ResinTrap,972,10,5041,1389
ResinTrap,972,7,5037,1371
ResinTrap,975,7,3538,1466
ResinTrap,990,10,5501,1613
ResinTrap,995,9,5443,1628
ResinTrap,998,7,5455,1636
ResinTrap,998,7,5427,1645
ResinTrap,1001,37,5464,1577
ResinTrap,1018,7,3463,1593
ResinTrap,1048,7,3425,1604
ResinTrap,1056,7,3638,1539
ResinTrap,1057,7,3641,1534
ResinTrap,1058,7,3644,1529
ResinTrap,1059,7,3648,1523
ResinTrap,1060,7,3654,1513
ResinTrap,1070,12,4548,2890
ResinTrap,1074,7,4869,2784
ResinTrap,1076,17,4285,2821
ResinTrap,1077,7,4276,2826
ResinTrap,1077,7,4865,2789
ResinTrap,1078,7,4269,2829
ResinTrap,1079,13,4919,2766
ResinTrap,1079,7,4265,2830
ResinTrap,1084,12,5466,1264
ResinTrap,1085,47,5423,1284
ResinTrap,1085,14,5373,1506
ResinTrap,1085,9,5476,1273
ResinTrap,1094,7,4443,2963
ResinTrap,1095,7,3646,1504
ResinTrap,1096,7,4418,2968
ResinTrap,1097,28,5437,1245
ResinTrap,1101,7,3614,1558
ResinTrap,1149,7,3211,1504
ResinTrap,1149,7,3209,1512
ResinTrap,1149,7,3210,1508
ResinTrap,1150,7,3600,1581
ResinTrap,1162,7,3578,1647
ResinTrap,1164,49,3578,1621
ResinTrap,1176,20,3184,1559
ResinTrap,1212,28,3220,1451
ResinTrap,1235,28,3279,1583
ResinTrap,1281,12,3445,1484
ResinTrap,1286,7,3495,1459
ResinTrap,1288,7,4969,2902
ResinTrap,1290,21,5006,2720
ResinTrap,1293,22,3918,1627
ResinTrap,1294,7,3521,1428
ResinTrap,1300,7,5005,2740
ResinTrap,1310,7,5001,2760
ResinTrap,1312,7,4066,1511
ResinTrap,1314,7,4081,1504
ResinTrap,1320,7,4998,2781
ResinTrap,1326,7,4997,2794
ResinTrap,1328,7,5003,1811
ResinTrap,1352,10,3924,2004
ResinTrap,1353,7,4064,2548
ResinTrap,1363,7,3459,1420
ResinTrap,1365,12,3442,1397
ResinTrap,1368,20,3859,1364
ResinTrap,1368,12,3433,1255
ResinTrap,1368,7,3861,1373
ResinTrap,1368,7,3412,1355
ResinTrap,1373,7,3342,1253
ResinTrap,1374,20,3866,1943
ResinTrap,1407,7,4244,1601
ResinTrap,1411,7,4855,1796
ResinTrap,1425,9,4142,2624
ResinTrap,1426,9,4137,2615
ResinTrap,1428,7,4106,2545
ResinTrap,1447,83,4371,1655
ResinTrap,1447,23,4362,1657
ResinTrap,1448,38,4131,2567
ResinTrap,1451,7,4116,2534
ResinTrap,1452,7,4151,2605
ResinTrap,1453,25,4153,2609
ResinTrap,1457,66,4815,2063
ResinTrap,1463,7,4589,1709
ResinTrap,1466,12,4820,2277
ResinTrap,1472,7,4835,2225
ResinTrap,1478,10,4829,2315
ResinTrap,1493,7,4109,2477
ResinTrap,1494,41,4662,1967
ResinTrap,1510,7,4409,2712
ResinTrap,1513,7,4039,2349
ResinTrap,1514,7,4693,2399
ResinTrap,1516,22,4593,2374
ResinTrap,1516,7,4020,2331
ResinTrap,1524,7,4561,2492
ResinTrap,1574,13,4305,2343
ResinTrap,1576,13,4302,2346
ResinTrap,1579,7,4299,2349
ResinTrap,1584,7,4292,2354
SuctionCup,0,1148630,4464,2190
SuctionCup,0,1148620,3398,2686
SuctionCup,0,1148595,3263,1355
SuctionCup,0,1148594,5053,2959
SuctionCup,0,1148575,3106,2311
SuctionCup,0,1148567,3290,2255
SuctionCup,0,1148567,5134,2491
SuctionCup,0,1148564,4995,1141
SuctionCup,0,1148561,3394,1084
SuctionCup,0,1148559,5265,2219
SuctionCup,0,1148552,3317,1571
SuctionCup,0,1148547,3533,2433
SuctionCup,0,1148547,3717,2377
SuctionCup,0,1148545,3210,1140
SuctionCup,0,1148544,2890,1449
SuctionCup,0,1148542,4973,1844
SuctionCup,0,1148540,4919,1629
SuctionCup,0,1148536,4068,2987
SuctionCup,0,1148528,4869,3015
SuctionCup,0,1148525,3052,2095
SuctionCup,0,1148518,4865,1413
SuctionCup,0,1148517,5400,1966
SuctionCup,0,1148515,3074,1392
SuctionCup,0,1148513,4495,3109
SuctionCup,0,1148512,3906,2340
SuctionCup,0,1148511,4252,2930
SuctionCup,0,1148503,4145,2499
SuctionCup,0,1148502,4653,2153
SuctionCup,0,1148502,3479,2218
SuctionCup,0,1148473,3663,2161
SuctionCup,0,1148472,4815,2800
SuctionCup,0,1148469,4199,2715
SuctionCup,0,1148467,4572,2622
SuctionCup,0,1148452,4064,1384
SuctionCup,1295,276527,5041,1376
SuctionCup,1296,1947370,3899,1502
SuctionCup,1369,126238,3797,1217
SuctionCup,1439,305932,4828,1239
SuctionCup,1448,1770615,4105,1242
SuctionCup,1471,529990,4306,1268
