Island,172,24,6051,2271
Island,172,1,6050,2270
Island,174,2,2846,2201
Island,175,1,2863,2198
Island,185,20,6163,2277
Island,185,3,6177,2282
Island,185,2,6161,2276
Island,185,1,6159,2275
Island,185,1,2765,2179
Island,188,19,2787,2168
Island,482,1,2937,2346
Island,489,1,3073,2356
Island,493,1,3077,2361
Island,504,2,2794,2461
Island,528,14,2733,2491
Island,532,1,5908,1278
Island,538,39,2812,2112
Island,551,2,2815,2204
Island,552,91,2802,2203
Island,552,1,2801,2202
Island,571,1,2846,2219
Island,576,11,5908,1163
Island,582,61,2890,2570
Island,583,6,2852,2107
Island,583,1,2859,2110
Island,583,1,2857,2109
Island,583,1,2851,2106
Island,584,31,2848,2106
Island,584,2,2846,2105
Island,589,9,2862,2149
Island,589,1,2861,2148
Island,589,1,2860,2147
Island,589,1,2859,2146
Island,600,2,2880,2088
Island,600,2,2878,2087
Island,601,28,2876,2088
Island,626,16,3118,2113
Island,626,3,3115,2112
Island,644,31,2714,2444
Island,649,7,5855,2220
Island,649,2,5858,2218
Island,649,1,5859,2217
Island,650,1,5864,2210
Island,666,47,5944,2354
Island,672,2,2902,2098
Island,678,1,6149,2305
Island,679,1,6149,2307
Island,686,5,2961,2616
Island,687,275,2934,2611
Island,699,1,5735,1796
Island,699,1,5712,1785
Island,708,1,6052,1876
Island,710,1,6055,1876
Island,713,3,5524,2173
Island,714,1,6140,2226
Island,716,1,2537,2667
Island,718,4,5636,2273
Island,719,92,5632,2264
Island,723,1,6135,2225
Island,724,1,5760,1772
Island,726,1,5770,1791
Island,727,1,6133,2224
Island,731,1,6131,2223
Island,746,72,6128,2258
Island,756,19,2884,2085
Island,756,1,2890,2096
Island,757,1,2894,2103
Island,773,481,5849,1815
Island,778,1,5677,2258
Island,780,1,5679,2258
Island,784,1,5681,2259
Island,785,97,2641,2279
Island,786,1,5799,1705
Island,786,1,5798,1704
Island,787,24,6068,2054
Island,787,1,5780,1685
Island,787,1,5779,1684
Island,787,1,5778,1683
Island,787,1,5777,1682
Island,787,1,5776,1681
Island,788,2,2624,2282
Island,789,1,5758,1669
Island,792,144,2597,2298
Island,792,15,2664,2190
Island,792,2,2664,2202
Island,792,1,3025,2706
Island,792,1,2845,2550
Island,794,1,2844,2548
Island,795,1,2672,2154
Island,801,4,2559,2279
Island,801,1,2565,2338
Island,801,1,2564,2336
Island,801,1,2561,2278
Island,801,1,2560,2277
Island,802,4,2558,2270
Island,804,1,2839,2536
Island,813,1,2835,2525
Island,822,6,2597,2839
Island,822,2,2770,2926
Island,822,2,2773,2925
Island,822,1,2558,2154
Island,823,179,2590,2833
Island,823,1,2558,2148
Island,825,62,2706,2052
Island,825,1,2713,2084
Island,826,29,2709,2084
Island,828,75,5768,2356
Island,829,2,5742,2346
Island,830,1,5731,2340
Island,831,1,5720,2334
Island,832,3,2720,2034
Island,832,1,5709,2328
Island,833,20,2716,2033
Island,833,1,5701,2323
Island,835,30,2637,1941
Island,835,2,2692,2954
Island,836,36,6056,2097
Island,836,28,2690,2951
Island,845,32,5976,1857
Island,846,1,2721,1989
Island,847,1,2589,2271
Island,848,2,2722,1986
Island,849,2,2723,1984
Island,850,2,2724,1982
Island,851,33,2663,2506
Island,855,31,5703,1705
Island,862,26,2683,2715
Island,862,1,2721,1971
Island,864,11,2709,2722
Island,864,1,6079,2552
Island,864,1,2733,1967
Island,866,1,2723,1967
Island,867,71,6153,2541
Island,867,6,2669,2723
Island,870,1,2725,1963
Island,871,30,6082,2535
Island,871,1,2700,2730
Island,871,1,2669,2730
Island,872,2,2736,1959
Island,872,1,2700,2731
Island,873,2,2699,2732
Island,873,1,2720,2737
Island,874,2,2699,2733
Island,875,47,6005,2655
Island,875,2,2699,2734
Island,875,1,2719,2739
Island,876,1,2699,2735
Island,876,1,5675,1806
Island,878,2,2697,2737
Island,878,1,2775,2991
Island,879,218,2757,2980
Island,879,2,2697,2738
Island,881,1,2697,2740
Island,881,1,2675,1964
Island,882,1,6163,2316
Island,882,1,2676,1963
Island,891,1,5861,2382
Island,891,1,2702,1753
Island,892,74,5960,1913
Island,896,1,2683,2419
Island,898,6,3201,2652
Island,898,6,3205,2643
Island,898,2,3200,2657
Island,898,2,3203,2650
Island,898,2,3204,2648
Island,898,2,3207,2641
Island,898,1,3208,2639
Island,899,1,3182,2688
Island,900,1,3170,2705
Island,903,1,3141,2742
Island,905,64,5726,2409
Island,906,1,3116,2770
Island,916,1,2771,2084
Island,934,11,5761,2475
Island,944,1,5896,1834
Island,947,1,2737,1838
Island,948,1,2750,1844
Island,952,1,2635,2104
Island,954,1,2726,1597
Island,961,1,2734,1610
Island,963,1,2739,1615
Island,964,1,2746,1619
Island,965,1,2649,2157
Island,968,1,2650,2162
Island,970,13,2784,2209
Island,970,2,2794,2213
Island,970,2,2782,2208
Island,970,1,2799,2215
Island,970,1,2797,2214
Island,971,27,5899,2421
Island,971,2,2809,2221
Island,972,1,2653,2170
Island,973,1,2821,2229
Island,975,1,2830,2236
Island,978,1,2656,2181
Island,981,1,2657,2186
Island,993,2,2827,1967
Island,1004,1,2838,1982
Island,1030,2,5602,2554
Island,1042,2,2850,2091
Island,1042,2,2848,2090
Island,1043,2,2861,2097
Island,1044,1,2869,2102
Island,1046,1,2878,2109
Island,1049,73,2787,1547
Island,1049,1,5590,2584
Island,1052,1,6081,2132
Island,1078,38,5852,1828
Island,1086,1,2761,1764
Island,1088,44,2830,1616
Island,1095,13,5851,1860
Island,1095,4,2792,1604
Island,1095,1,5850,1871
Island,1095,1,2790,1604
Island,1103,12,2974,2680
Island,1103,1,5831,1767
Island,1113,19,2734,2747
Island,1114,14,2870,1676
Island,1116,4,2746,2713
Island,1117,15,2964,2654
Island,1118,29,2871,2028
Island,1118,1,2882,2035
Island,1132,12,2816,2027
Island,1132,1,2822,2031
Island,1135,14,5805,2083
Island,1135,1,5804,2088
Island,1138,18,5816,2070
Island,1149,1,5736,2073
Island,1152,63,5521,2029
Island,1152,27,2792,2629
Island,1154,1,5737,2075
Island,1154,1,5749,2061
Island,1155,1,5738,2077
Island,1155,1,5737,2076
Island,1155,1,5738,2075
Island,1155,1,5748,2063
Island,1155,1,5749,2062
Island,1156,1,5748,2064
Island,1156,1,5750,2061
Island,1156,1,5751,2060
Island,1157,1,5749,2063
Island,1157,1,5750,2062
Island,1157,1,2812,1732
Island,1157,1,2813,1731
Island,1158,1,5748,2065
Island,1158,1,5749,2064
Island,1158,1,5751,2061
Island,1159,1,5748,2066
Island,1162,172,3000,2751
Island,1162,1,5750,2065
Island,1163,1,5750,2066
Island,1164,65,3176,2145
Island,1164,12,2922,2586
Island,1166,53,2810,2603
Island,1170,34,2938,2581
Island,1173,33,2835,2585
Island,1174,49,2981,2014
Island,1174,28,2918,2571
Island,1175,1,5767,2050
Island,1181,15,2844,2573
Island,1181,5,2823,2584
Island,1181,3,2909,2569
Island,1182,48,2820,2582
Island,1182,40,2907,2565
Island,1183,228,2906,1897
Island,1184,1,2843,2586
Island,1187,1,3109,2078
Island,1187,1,3108,2077
Island,1188,1,3104,2074
Island,1191,3,2896,2562
Island,1192,38,2894,2558
Island,1196,1,5780,2073
Island,1197,1,3086,2058
Island,1198,1,2870,2572
Island,1198,1,3082,2055
Island,1199,1,3080,2053
Island,1200,3,2995,2133
Island,1200,1,3075,2049
Island,1201,1,3072,2046
Island,1202,1,3069,2043
Island,1204,1,2988,2109
Island,1205,2,2986,2104
Island,1206,2,2983,2097
Island,1212,1,3055,2062
Island,1213,1,3046,2053
Island,1214,1,3021,2081
Island,1215,1,3049,2054
Island,1217,2,3020,2080
Island,1218,1,3020,2077
Island,1218,1,3019,2076
Island,1219,1,3025,2083
Island,1219,1,3024,2082
Island,1220,2,3029,2088
Island,1221,1,3031,2091
Island,1280,12,5626,2347
Island,1284,29,5876,2400
Island,1284,22,5638,2314
Island,1288,27,5874,2365
Island,1293,1,5661,2290
Island,1306,3,5675,2267
Island,1324,5,5696,2243
Island,1325,39,5694,2241
Island,1327,17,5852,2276
Island,1342,18,5843,2248
Island,1351,11,5825,2227
Island,1359,35,5838,2226
Island,1359,19,5748,2197
Island,1366,28,5760,2194
Island,1375,30,5776,2190
Island,1375,19,5796,2194
Island,1633,6,5855,1617
Island,1634,26,5853,1617
ResinTrap,24,24,3319,2823
ResinTrap,24,23,5727,1406
ResinTrap,24,23,6116,1406
ResinTrap,24,23,3125,3018
ResinTrap,24,23,5533,1600
ResinTrap,24,23,5922,2767
ResinTrap,24,23,5727,1795
ResinTrap,24,23,3125,2629
ResinTrap,24,23,2736,3018
ResinTrap,24,12,2542,2824
ResinTrap,155,7,2889,2194
ResinTrap,207,12,2687,2110
ResinTrap,213,7,5964,2195
ResinTrap,226,24,2930,3212
ResinTrap,226,23,5727,1600
ResinTrap,226,23,6116,2767
ResinTrap,226,23,5727,1406
ResinTrap,226,23,2736,3018
ResinTrap,226,22,2736,2824
ResinTrap,226,22,2736,3212
ResinTrap,226,22,2541,3018
ResinTrap,226,22,3125,3212
ResinTrap,226,22,2930,3018
ResinTrap,236,7,5675,2592
ResinTrap,241,19,2554,2415
ResinTrap,241,13,2915,1457
ResinTrap,247,10,3131,2458
ResinTrap,248,12,5897,1395
ResinTrap,250,13,5898,1402
ResinTrap,253,7,3124,2463
ResinTrap,254,7,3114,2467
ResinTrap,255,13,2546,2271
ResinTrap,255,7,2564,2431
ResinTrap,255,7,3119,2466
ResinTrap,255,7,2563,2426
ResinTrap,257,10,5954,1404
ResinTrap,259,12,2773,2617
ResinTrap,260,7,5936,1368
ResinTrap,263,7,5964,1393
ResinTrap,263,7,5962,1396
ResinTrap,264,7,5668,2518
ResinTrap,268,48,3306,2193
ResinTrap,268,7,5926,1365
ResinTrap,270,53,3926,2041
ResinTrap,271,51,2742,2606
ResinTrap,274,33,2746,2585
ResinTrap,274,13,3324,2193
ResinTrap,276,7,3925,2049
ResinTrap,277,7,5919,1356
ResinTrap,278,13,5912,1353
ResinTrap,279,31,3715,2041
ResinTrap,280,33,3723,2037
ResinTrap,280,10,2746,2593
ResinTrap,282,40,3092,2396
ResinTrap,283,18,3708,2054
ResinTrap,283,10,2729,2609
ResinTrap,284,45,3314,2246
ResinTrap,285,34,3688,2060
ResinTrap,286,42,3138,2420
ResinTrap,287,51,3135,2413
ResinTrap,287,46,3292,2210
ResinTrap,288,39,3681,2068
ResinTrap,289,54,3488,2239
ResinTrap,289,50,3129,1627
ResinTrap,290,45,3662,2077
ResinTrap,291,33,3670,2038
ResinTrap,291,30,3493,2068
ResinTrap,291,23,3088,2440
ResinTrap,292,42,3323,2222
ResinTrap,293,7,3658,2085
ResinTrap,293,7,3697,2060
ResinTrap,293,7,3285,2212
ResinTrap,294,18,3493,2232
ResinTrap,294,7,3492,2235
ResinTrap,295,7,3084,2448
ResinTrap,296,20,3669,2077
ResinTrap,297,74,3249,2224
ResinTrap,297,52,3139,1679
ResinTrap,298,45,4070,2445
ResinTrap,298,34,3065,2408
ResinTrap,298,13,3916,2575
ResinTrap,299,38,3283,1466
ResinTrap,300,22,3137,1688
ResinTrap,300,20,3909,2576
ResinTrap,300,12,3139,1619
ResinTrap,300,7,3116,1470
ResinTrap,300,7,3061,2411
ResinTrap,300,7,3057,2412
ResinTrap,301,58,3163,1674
ResinTrap,301,18,3675,2028
ResinTrap,301,7,3677,2027
ResinTrap,302,18,3897,2020
ResinTrap,302,7,3294,2197
ResinTrap,302,7,3900,2022
ResinTrap,303,49,3289,1490
ResinTrap,303,7,3439,2049
ResinTrap,304,54,3912,2020
ResinTrap,304,18,3483,2081
ResinTrap,304,7,3482,2084
ResinTrap,305,12,3098,2373
ResinTrap,305,10,3155,2425
ResinTrap,306,68,3170,1660
ResinTrap,306,13,3112,1463
ResinTrap,307,7,3321,2231
ResinTrap,307,7,3133,2435
ResinTrap,309,70,3139,1643
ResinTrap,309,27,3141,1700
ResinTrap,309,17,3736,2016
ResinTrap,310,7,3491,2250
ResinTrap,311,70,3130,1658
ResinTrap,311,7,3298,2245
ResinTrap,312,22,3492,2253
ResinTrap,312,13,3294,2244
ResinTrap,313,7,4062,2436
ResinTrap,313,7,3166,1648
ResinTrap,314,65,3100,2408
ResinTrap,314,20,3307,2267
ResinTrap,314,7,3137,1633
ResinTrap,314,7,3673,2050
ResinTrap,315,57,3166,1647
ResinTrap,315,35,3262,2214
ResinTrap,315,7,5950,1378
ResinTrap,315,7,3177,1687
ResinTrap,315,7,4059,2456
ResinTrap,316,62,3148,2388
ResinTrap,316,7,3337,2259
ResinTrap,317,79,5950,1376
ResinTrap,317,7,4051,2297
ResinTrap,318,51,3524,2231
ResinTrap,319,7,3254,2217
ResinTrap,319,7,3524,2231
ResinTrap,321,28,3274,2247
ResinTrap,321,20,3523,2257
ResinTrap,321,18,3273,1503
ResinTrap,321,7,3282,1483
ResinTrap,321,7,3156,2385
ResinTrap,322,69,5928,1385
ResinTrap,322,42,3115,1428
ResinTrap,322,7,5921,1351
ResinTrap,322,7,5958,1381
ResinTrap,322,7,3486,2030
ResinTrap,323,60,5912,1367
ResinTrap,323,23,3524,2259
ResinTrap,323,7,3159,2383
ResinTrap,324,18,3152,1417
ResinTrap,324,7,3151,1416
ResinTrap,325,48,3118,1436
ResinTrap,325,20,3278,2247
ResinTrap,325,10,3490,2268
ResinTrap,326,7,3552,2234
ResinTrap,326,7,3489,2272
ResinTrap,327,17,3155,1422
ResinTrap,328,18,3631,2073
ResinTrap,328,7,3339,2293
ResinTrap,329,50,3553,2232
ResinTrap,329,7,3090,2395
ResinTrap,332,7,3121,1413
ResinTrap,333,42,3477,2284
ResinTrap,333,20,3507,2041
ResinTrap,333,7,3559,2238
ResinTrap,333,7,3334,2298
ResinTrap,333,7,3924,2281
ResinTrap,334,20,5901,1367
ResinTrap,334,18,3504,2037
ResinTrap,334,7,3096,1460
ResinTrap,335,7,3120,1414
ResinTrap,335,7,3927,2288
ResinTrap,336,23,3091,1459
ResinTrap,336,18,4092,2415
ResinTrap,337,23,3107,2401
ResinTrap,337,7,3179,1636
ResinTrap,338,53,3453,2059
ResinTrap,340,20,3203,1659
ResinTrap,341,42,3517,2005
ResinTrap,341,20,3160,1644
ResinTrap,341,7,3114,1448
ResinTrap,342,17,3527,2246
ResinTrap,342,7,3517,2005
ResinTrap,342,7,5917,1369
ResinTrap,344,18,3447,2054
ResinTrap,344,13,3332,2430
ResinTrap,345,7,3303,2203
ResinTrap,348,13,3490,2032
ResinTrap,351,7,3494,2033
ResinTrap,354,7,3733,2083
ResinTrap,354,7,3565,2221
ResinTrap,355,13,3720,1875
ResinTrap,355,13,3718,1878
ResinTrap,355,7,3566,2218
ResinTrap,357,13,3736,2085
ResinTrap,357,7,3533,2010
ResinTrap,358,10,2545,2263
ResinTrap,358,10,5901,1402
ResinTrap,359,7,3532,2009
ResinTrap,360,7,3047,2413
ResinTrap,367,26,5936,1388
ResinTrap,373,7,3088,2456
ResinTrap,374,7,3117,1715
ResinTrap,379,7,3445,2297
ResinTrap,381,7,5929,1364
ResinTrap,382,17,3443,2298
ResinTrap,400,7,3648,1901
ResinTrap,401,7,5946,1398
ResinTrap,403,17,3683,2138
ResinTrap,404,7,3646,1904
ResinTrap,406,17,3683,2139
ResinTrap,406,7,3645,1905
ResinTrap,407,13,3644,1907
ResinTrap,409,13,3509,2014
ResinTrap,412,7,3512,2008
ResinTrap,413,13,3510,2011
ResinTrap,413,13,3265,2215
ResinTrap,417,17,3264,2213
ResinTrap,420,7,3155,2318
ResinTrap,424,7,3454,2045
ResinTrap,426,7,5146,2471
ResinTrap,427,7,3225,2228
ResinTrap,428,22,2930,3018
ResinTrap,428,19,3125,3212
ResinTrap,428,17,2542,1657
ResinTrap,428,12,2931,3213
ResinTrap,428,7,3197,1512
ResinTrap,430,32,3492,2316
ResinTrap,430,7,3491,2315
ResinTrap,435,7,3219,2221
ResinTrap,435,7,3220,2224
ResinTrap,439,7,3143,3004
ResinTrap,439,7,3096,2424
ResinTrap,445,19,2943,1845
ResinTrap,449,7,3980,2311
ResinTrap,451,7,5906,2558
ResinTrap,454,7,2953,1858
ResinTrap,455,10,3090,2336
ResinTrap,456,12,6102,2556
ResinTrap,459,14,5912,1594
ResinTrap,460,24,5923,1605
ResinTrap,462,20,6240,2237
ResinTrap,462,7,5906,1435
ResinTrap,464,30,3126,2634
ResinTrap,464,21,6316,2564
ResinTrap,465,32,6091,1199
ResinTrap,465,10,5914,1582
ResinTrap,466,12,6238,2237
ResinTrap,467,7,3244,1687
ResinTrap,468,18,3141,2649
ResinTrap,468,7,5897,1597
ResinTrap,469,18,5898,1408
ResinTrap,470,7,5901,1405
ResinTrap,471,28,5771,1201
ResinTrap,471,12,6063,2554
ResinTrap,471,7,6327,2753
ResinTrap,475,10,3130,2803
ResinTrap,476,12,2931,2614
ResinTrap,476,7,2935,2617
ResinTrap,477,7,5782,1198
ResinTrap,478,10,5724,1746
ResinTrap,478,7,5788,1196
ResinTrap,482,29,5757,1994
ResinTrap,486,7,5920,1438
ResinTrap,487,20,5896,1422
ResinTrap,487,7,5896,1421
ResinTrap,490,7,6329,2590
ResinTrap,490,7,5914,1625
ResinTrap,491,7,3955,2453
ResinTrap,492,18,5911,1630
ResinTrap,493,7,6077,2516
ResinTrap,495,12,6093,1219
ResinTrap,496,7,2557,2214
ResinTrap,496,7,2560,2216
ResinTrap,497,7,3103,2627
ResinTrap,498,7,5775,2006
ResinTrap,499,7,5524,2014
ResinTrap,501,56,5930,1162
ResinTrap,501,18,5527,2016
ResinTrap,502,7,3105,2658
ResinTrap,503,44,5722,1803
ResinTrap,503,7,2745,2623
ResinTrap,507,23,5800,1216
ResinTrap,508,52,2555,2792
ResinTrap,509,12,5923,1166
ResinTrap,511,7,5943,1163
ResinTrap,512,52,2561,2822
ResinTrap,512,7,5548,1984
ResinTrap,515,59,2574,2783
ResinTrap,517,68,2578,2824
ResinTrap,517,58,2554,2808
ResinTrap,517,48,2593,2802
ResinTrap,517,7,5544,1982
ResinTrap,518,10,2787,2618
ResinTrap,521,20,6095,1841
ResinTrap,521,20,2569,2786
ResinTrap,523,59,5813,1979
ResinTrap,523,17,2542,2209
ResinTrap,525,59,6079,1816
ResinTrap,529,38,5728,1760
ResinTrap,532,89,6082,1887
ResinTrap,532,28,2557,2428
ResinTrap,532,7,2560,2428
ResinTrap,533,20,3237,2121
ResinTrap,533,7,2560,2831
ResinTrap,534,23,2757,2637
ResinTrap,534,7,5720,1763
ResinTrap,535,13,5723,1762
ResinTrap,535,13,5698,1813
ResinTrap,535,7,5707,1810
ResinTrap,536,7,2784,2500
ResinTrap,537,7,5705,1811
ResinTrap,537,7,2558,2836
ResinTrap,538,58,6055,1818
ResinTrap,538,13,5840,1973
ResinTrap,539,7,5702,1812
ResinTrap,544,12,3162,2621
ResinTrap,548,20,2556,2576
ResinTrap,548,7,2591,2194
ResinTrap,548,7,5713,1791
ResinTrap,548,7,2599,2810
ResinTrap,550,61,2559,2240
ResinTrap,550,32,5817,1983
ResinTrap,550,7,6081,1803
ResinTrap,551,56,2556,2573
ResinTrap,552,37,3258,2635
ResinTrap,553,7,5710,1784
ResinTrap,553,7,3169,2618
ResinTrap,554,86,2708,2633
ResinTrap,556,13,3175,2615
ResinTrap,557,7,6084,1843
ResinTrap,561,7,6073,1863
ResinTrap,563,41,2699,2621
ResinTrap,565,7,2702,2626
ResinTrap,566,7,5860,1996
ResinTrap,567,10,6067,1867
ResinTrap,567,7,2597,2221
ResinTrap,568,30,2544,2425
ResinTrap,570,59,5744,1787
ResinTrap,570,7,6038,1835
ResinTrap,570,7,3062,2667
ResinTrap,571,47,2536,2807
ResinTrap,572,67,2560,2388
ResinTrap,572,13,2559,2388
ResinTrap,574,30,2556,2745
ResinTrap,574,10,2555,2742
ResinTrap,574,7,5836,1952
ResinTrap,574,7,2568,2396
ResinTrap,574,7,6035,1838
ResinTrap,575,13,6082,1931
ResinTrap,575,7,5740,1792
ResinTrap,575,7,3371,2418
ResinTrap,578,17,2570,2228
ResinTrap,580,7,2621,2835
ResinTrap,581,10,2738,2677
ResinTrap,581,7,5578,1935
ResinTrap,581,7,2698,2610
ResinTrap,583,7,5579,1936
ResinTrap,584,17,2738,2678
ResinTrap,584,13,2625,2836
ResinTrap,586,78,2536,2606
ResinTrap,587,7,5581,1937
ResinTrap,590,13,2546,2604
ResinTrap,593,7,2545,2604
ResinTrap,596,25,2581,2251
ResinTrap,596,7,2579,2250
ResinTrap,601,7,3153,2729
ResinTrap,606,23,2569,2574
ResinTrap,610,13,2524,2597
ResinTrap,610,7,2529,2600
ResinTrap,613,12,2525,2597
ResinTrap,614,118,2612,2866
ResinTrap,642,23,2630,2879
ResinTrap,644,7,2616,2876
ResinTrap,647,7,2616,2877
ResinTrap,650,7,2616,2878
ResinTrap,654,7,2612,2881
ResinTrap,655,12,2707,1864
ResinTrap,655,10,3152,3012
ResinTrap,655,7,2615,2880
ResinTrap,656,12,2702,1869
ResinTrap,656,10,2734,1826
ResinTrap,658,7,2615,2881
ResinTrap,659,17,2707,1857
ResinTrap,663,17,2729,2669
ResinTrap,663,7,2518,2753
ResinTrap,664,10,2731,1881
ResinTrap,668,7,2519,2751
ResinTrap,669,7,2585,1864
ResinTrap,670,7,2520,2750
ResinTrap,673,7,2520,2749
ResinTrap,675,9,5941,1528
ResinTrap,675,7,2521,2748
ResinTrap,676,38,2750,1868
ResinTrap,677,7,6255,2472
ResinTrap,678,14,2739,1874
ResinTrap,679,13,2718,1884
ResinTrap,679,7,6255,2471
ResinTrap,681,7,2745,1873
ResinTrap,682,30,3137,2822
ResinTrap,682,7,6258,2469
ResinTrap,682,7,2715,1884
ResinTrap,686,20,2598,1846
ResinTrap,688,37,5884,2558
ResinTrap,689,7,3146,2816
ResinTrap,696,7,5884,2568
ResinTrap,700,32,6105,2703
ResinTrap,700,18,3192,2529
ResinTrap,700,7,3187,2534
ResinTrap,701,18,6102,2698
ResinTrap,701,10,2580,1861
ResinTrap,703,7,6112,2704
ResinTrap,706,7,6126,2508
ResinTrap,707,13,5943,2533
ResinTrap,707,13,6110,2550
ResinTrap,709,7,5888,2579
ResinTrap,716,97,2781,2845
ResinTrap,719,9,6271,2506
ResinTrap,727,7,2780,2856
ResinTrap,733,13,6146,2544
ResinTrap,733,7,6148,2541
ResinTrap,744,7,2845,2573
ResinTrap,744,7,2828,2463
ResinTrap,747,10,5869,2514
ResinTrap,753,7,2924,1983
ResinTrap,754,710,2711,1641
ResinTrap,762,13,2732,1636
ResinTrap,762,10,2715,1848
ResinTrap,765,61,2716,1862
ResinTrap,767,30,3136,2999
ResinTrap,767,7,3140,3002
ResinTrap,768,17,6055,2648
ResinTrap,776,14,3038,2040
ResinTrap,776,9,5674,2255
ResinTrap,778,12,3098,2103
ResinTrap,778,7,2636,2324
ResinTrap,783,12,2611,2295
ResinTrap,785,7,2867,2317
ResinTrap,791,7,6088,2672
ResinTrap,791,7,6085,2681
ResinTrap,792,10,3148,2998
ResinTrap,793,13,2774,2925
ResinTrap,794,7,6087,2672
ResinTrap,797,12,2711,1869
ResinTrap,797,7,6086,2672
ResinTrap,802,16,2550,2487
ResinTrap,803,9,2623,1912
ResinTrap,809,7,2604,2582
ResinTrap,810,25,3081,2224
ResinTrap,811,25,3091,2248
ResinTrap,813,7,2750,2922
ResinTrap,821,12,2731,1837
ResinTrap,825,7,2579,2515
ResinTrap,831,7,2634,1868
ResinTrap,840,28,2640,1853
ResinTrap,850,7,3046,2295
ResinTrap,851,17,3023,2291
ResinTrap,857,14,2654,1825
ResinTrap,861,7,5957,1474
ResinTrap,877,7,2916,2399
ResinTrap,881,7,2937,2388
ResinTrap,883,7,2670,1845
ResinTrap,886,7,5844,2380
ResinTrap,888,17,5625,2232
ResinTrap,888,10,5621,2231
ResinTrap,890,7,2816,1848
ResinTrap,892,10,2695,1805
ResinTrap,895,23,2731,1504
ResinTrap,895,7,2733,1508
ResinTrap,898,10,2757,1480
ResinTrap,900,18,2724,1501
ResinTrap,904,17,2785,1677
ResinTrap,915,7,5953,1935
ResinTrap,920,7,2764,2509
ResinTrap,923,20,2757,3149
ResinTrap,923,7,5771,1645
ResinTrap,938,12,2789,1668
ResinTrap,946,12,6081,2606
ResinTrap,947,7,5882,1757
ResinTrap,947,7,2693,1732
ResinTrap,952,12,2790,1699
ResinTrap,952,7,2663,2680
ResinTrap,965,7,6074,2595
ResinTrap,967,20,5761,1822
ResinTrap,973,13,5760,1982
ResinTrap,979,7,2716,1779
ResinTrap,985,7,5898,2213
ResinTrap,985,7,5861,2150
ResinTrap,986,7,2844,2491
ResinTrap,992,7,2757,2613
ResinTrap,1009,10,2732,1822
ResinTrap,1019,17,2740,1601
ResinTrap,1026,12,3051,2501
ResinTrap,1055,7,2765,1661
ResinTrap,1055,7,2770,1663
ResinTrap,1060,23,5534,2376
ResinTrap,1070,10,2758,2312
ResinTrap,1074,7,2923,1887
ResinTrap,1080,7,2867,1825
ResinTrap,1083,7,2869,1831
ResinTrap,1099,18,3008,2768
ResinTrap,1100,20,2880,1864
ResinTrap,1100,7,2794,1736
ResinTrap,1100,7,2798,1740
ResinTrap,1101,14,2771,1816
ResinTrap,1105,20,2795,2027
ResinTrap,1105,7,2884,1874
ResinTrap,1108,18,2954,1628
ResinTrap,1119,7,2893,1901
ResinTrap,1130,17,5511,2314
ResinTrap,1134,25,2809,1764
ResinTrap,1139,7,2864,1921
ResinTrap,1141,7,2780,2174
ResinTrap,1142,7,2793,2181
ResinTrap,1142,7,2803,2185
ResinTrap,1142,7,2800,2184
ResinTrap,1143,21,2914,1863
ResinTrap,1150,7,2902,2559
ResinTrap,1151,9,2832,2576
ResinTrap,1168,53,2834,1864
ResinTrap,1168,7,2848,1872
ResinTrap,1176,7,5823,1839
ResinTrap,1178,16,2843,1819
ResinTrap,1185,13,5886,1867
ResinTrap,1185,9,5887,1864
ResinTrap,1199,10,5761,2027
ResinTrap,1199,10,5760,2023
ResinTrap,1203,9,2843,1922
ResinTrap,1220,7,2915,2804
ResinTrap,1237,14,3005,2055
ResinTrap,1255,7,5747,2193
ResinTrap,1264,7,5913,1416
ResinTrap,1323,7,5731,2215
ResinTrap,1325,7,5835,2239
ResinTrap,1328,20,5921,1674
ResinTrap,1352,10,5952,1779
ResinTrap,1353,7,5934,1790
ResinTrap,1490,12,5898,1711
SuctionCup,0,266977,2382,1825
SuctionCup,0,266977,2815,3075
SuctionCup,0,266977,3248,1825
SuctionCup,0,266977,2382,2325
SuctionCup,0,266977,2382,2825
SuctionCup,0,266972,3681,1575
SuctionCup,0,266972,4114,2325
SuctionCup,0,266967,5165,2213
SuctionCup,0,266965,5598,2963
SuctionCup,0,266965,5598,1463
SuctionCup,0,266963,6464,1963
SuctionCup,0,266953,2959,2825
SuctionCup,0,266953,3392,2075
SuctionCup,0,266953,2959,2325
SuctionCup,0,266953,3392,3075
SuctionCup,0,266953,2526,2075
SuctionCup,0,266953,2959,3325
SuctionCup,0,266953,2526,3075
SuctionCup,0,266953,3392,1575
SuctionCup,0,266953,2959,1325
SuctionCup,0,266928,3969,2075
SuctionCup,0,266928,3103,3075
SuctionCup,0,266928,2670,1325
SuctionCup,0,266928,3536,2825
SuctionCup,0,266928,3103,2075
SuctionCup,0,266928,2670,2325
SuctionCup,0,266928,3536,2325
SuctionCup,0,266927,5310,2463
SuctionCup,0,266925,6176,1963
SuctionCup,0,266925,6176,2463
SuctionCup,0,266925,5743,1213
SuctionCup,0,266925,6176,1463
SuctionCup,0,266925,6176,2963
SuctionCup,0,266925,5743,2213
SuctionCup,0,266910,2959,2658
SuctionCup,0,266910,2526,1908
SuctionCup,0,266910,2959,2158
SuctionCup,0,266910,3392,1908
SuctionCup,0,266910,5454,2046
SuctionCup,0,266910,3392,2908
SuctionCup,0,266908,6320,2046
SuctionCup,0,266908,2959,1658
SuctionCup,0,266908,2526,1408
SuctionCup,0,266907,3825,1658
SuctionCup,0,266902,3248,2992
SuctionCup,0,266893,2382,2992
SuctionCup,0,266893,2382,1492
SuctionCup,0,266893,2382,2492
SuctionCup,0,266893,2382,1992
SuctionCup,0,266893,2815,2242
SuctionCup,0,266893,2815,3242
SuctionCup,0,266888,2382,1658
SuctionCup,0,266888,2815,1908
SuctionCup,0,266888,3248,2658
SuctionCup,0,266888,2382,2158
SuctionCup,0,266888,5454,1380
SuctionCup,0,266888,2382,2658
SuctionCup,0,266888,2815,2408
SuctionCup,0,266885,3681,2908
SuctionCup,0,266885,6320,1880
SuctionCup,0,266883,4114,2492
SuctionCup,0,266880,2959,1492
SuctionCup,0,266880,3825,2492
SuctionCup,0,266880,3392,1742
SuctionCup,0,266880,2526,1742
SuctionCup,0,266880,3392,2242
SuctionCup,0,266880,2959,2492
SuctionCup,0,266880,2959,2992
SuctionCup,0,266880,3392,2742
SuctionCup,0,266880,2959,1992
SuctionCup,0,266868,5165,2380
SuctionCup,0,266868,5598,1130
SuctionCup,0,266867,5598,1630
SuctionCup,0,266865,6031,2380
SuctionCup,0,266865,5598,2130
SuctionCup,0,266865,6031,1880
SuctionCup,0,266865,6464,2130
SuctionCup,0,266858,5743,1046
SuctionCup,0,266858,6176,1296
SuctionCup,0,266855,6176,2796
SuctionCup,0,266855,5743,2546
SuctionCup,0,266855,6176,1796
SuctionCup,0,266855,6176,2296
SuctionCup,0,266855,5743,3046
SuctionCup,0,266855,5743,2046
SuctionCup,0,266852,5310,2796
SuctionCup,0,266852,5310,2296
SuctionCup,0,266838,3537,2492
SuctionCup,0,266838,3537,1492
SuctionCup,0,266838,3537,2992
SuctionCup,0,266835,3104,3242
SuctionCup,0,266835,3104,2242
SuctionCup,0,266835,3104,1908
SuctionCup,0,266835,3970,2242
SuctionCup,0,266835,2671,2492
SuctionCup,0,266835,3104,2742
SuctionCup,0,266807,3537,2658
SuctionCup,0,266807,3537,1658
SuctionCup,0,266805,6031,880
SuctionCup,0,266805,3970,1908
SuctionCup,0,266782,3681,2075
SuctionCup,0,266737,2959,1825
SuctionCup,0,266733,3970,2408
SuctionCup,0,266698,3681,1908
SuctionCup,0,266655,6320,2380
SuctionCup,0,266588,3825,2658
SuctionCup,0,266542,2815,2908
SuctionCup,0,266384,5887,2796
SuctionCup,0,266364,2815,1742
SuctionCup,0,266360,5887,2630
SuctionCup,0,266354,5887,2963
SuctionCup,0,266354,6320,2213
SuctionCup,0,266354,5454,1713
SuctionCup,0,266354,5454,2213
SuctionCup,0,266354,5887,1963
SuctionCup,0,266353,3248,1325
SuctionCup,0,266347,5887,1630
SuctionCup,0,266334,6464,1796
SuctionCup,0,266334,5165,2046
SuctionCup,0,266334,6464,2796
SuctionCup,0,266332,5598,1796
SuctionCup,0,266332,5598,2796
SuctionCup,0,266331,5598,1296
SuctionCup,0,266289,3248,2492
SuctionCup,0,266286,5743,2380
SuctionCup,0,266286,5310,1630
SuctionCup,0,266286,5310,2130
SuctionCup,0,266286,5743,1880
SuctionCup,0,266286,6176,2630
SuctionCup,0,266286,6609,2380
SuctionCup,0,266286,6176,1630
SuctionCup,0,266271,6031,1046
SuctionCup,0,266253,3969,2575
SuctionCup,0,266245,3248,1492
SuctionCup,0,265970,6464,2630
SuctionCup,0,265838,5887,1463
SuctionCup,0,265824,6176,1130
SuctionCup,0,265818,2671,1492
SuctionCup,0,265781,2671,2658
SuctionCup,0,265337,2959,3158
SuctionCup,0,265308,3536,1825
SuctionCup,0,265231,3537,2158
SuctionCup,0,264647,4114,1992
SuctionCup,0,264640,6176,963
SuctionCup,0,264623,5598,1963
SuctionCup,0,264598,5887,2298
SuctionCup,0,263185,5746,2713
SuctionCup,0,262557,6320,1713
SuctionCup,0,261978,3537,1992
SuctionCup,0,261857,4114,2158
SuctionCup,0,261416,3825,2325
SuctionCup,0,260597,5743,1713
SuctionCup,0,260537,6320,2880
SuctionCup,0,260330,6320,1380
SuctionCup,0,260065,5743,2880
SuctionCup,0,260020,5743,1380
SuctionCup,0,259715,3392,2408
SuctionCup,0,258912,2815,1242
SuctionCup,0,258813,2815,1575
SuctionCup,0,258275,6321,1546
SuctionCup,0,257857,2526,2908
SuctionCup,0,255984,5454,2717
SuctionCup,0,255697,5887,1796
SuctionCup,0,255056,5746,1546
SuctionCup,0,254977,2526,2242
SuctionCup,0,254597,6320,2546
SuctionCup,0,253307,3392,1408
SuctionCup,0,253297,3392,2575
SuctionCup,0,252535,2815,2742
SuctionCup,0,252184,5887,2463
SuctionCup,0,251049,3681,1742
SuctionCup,0,249177,2670,2828
SuctionCup,0,248577,3104,2908
SuctionCup,0,248256,3104,1742
SuctionCup,0,247156,6031,1213
SuctionCup,0,247001,6325,2713
SuctionCup,0,246662,5454,3046
SuctionCup,0,246535,2815,2575
SuctionCup,0,246391,5454,1213
SuctionCup,0,245152,2815,1408
SuctionCup,0,244409,3681,2242
SuctionCup,0,243525,5454,1880
SuctionCup,0,243417,5310,1796
SuctionCup,0,240589,5887,1296
SuctionCup,0,240079,3248,2325
SuctionCup,0,240007,2671,1660
SuctionCup,0,239922,3248,2827
SuctionCup,0,239827,3248,1660
SuctionCup,0,238377,6464,2463
SuctionCup,1298,96912,5705,2239
