Island,167,1,3483,679
Island,174,1,3448,770
Island,189,92,5140,3295
Island,222,1,3344,970
Island,223,1,3339,974
Island,228,4,5051,3180
Island,228,3,5055,3181
Island,228,2,5059,3182
Island,237,1,5389,3349
Island,246,2,5413,3339
Island,255,2,5476,3310
Island,255,1,5479,3309
Island,257,1,5488,3304
Island,274,1,4995,3075
Island,274,1,4992,3074
Island,274,1,4990,3073
Island,314,1,5773,2328
Island,314,1,5772,2327
Island,314,1,5771,2326
Island,318,1,5900,2228
Island,336,1,5280,2983
Island,363,179,5753,2899
Island,363,2,5805,2898
Island,364,2,5822,2891
Island,365,2,5833,2886
Island,370,1,5865,2870
Island,375,1,5884,2860
Island,377,1,5890,2857
Island,395,1,5638,2560
Island,396,2,5606,2583
Island,396,1,5604,2585
Island,396,1,5605,2584
Island,405,32,5940,1911
Island,405,2,5941,1933
Island,409,1,5754,2782
Island,420,1,5212,2710
Island,420,1,5351,2609
Island,421,1,5221,2701
Island,421,1,5335,2614
Island,422,1,5239,2681
Island,422,1,5240,2680
Island,422,1,5241,2679
Island,422,1,5242,2678
Island,422,1,5243,2677
Island,422,1,5245,2674
Island,422,1,5246,2673
Island,422,1,5247,2672
Island,422,1,5248,2671
Island,422,1,5265,2654
Island,422,1,5266,2653
Island,422,1,5267,2652
Island,437,58,6043,2301
Island,438,1,5361,2530
Island,440,1,5389,2508
Island,440,1,5390,2507
Island,440,1,5391,2506
Island,440,1,5473,2375
Island,450,228,6067,2481
Island,452,1,6088,2546
Island,463,25,3506,1633
Island,464,496,3494,1629
Island,465,1,5167,2676
Island,465,1,5168,2675
Island,465,1,5169,2674
Island,465,1,5170,2673
Island,465,1,5171,2672
Island,465,1,5172,2671
Island,466,1,5125,2716
Island,466,1,5126,2715
Island,466,1,5181,2664
Island,467,1,5114,2727
Island,467,1,5687,2006
Island,468,1,5651,2044
Island,468,1,5652,2043
Island,468,1,5653,2042
Island,469,1,6128,2601
Island,469,1,5636,2058
Island,470,1,6131,2606
Island,472,1,5253,2601
Island,472,1,5603,2084
Island,473,1,5062,2783
Island,475,1,6161,2698
Island,476,1,6130,2865
Island,477,1,6131,2863
Island,480,1,5039,2817
Island,481,1,3688,1527
Island,484,1,5025,2835
Island,486,1,5009,2854
Island,486,1,5010,2853
Island,488,2,4998,2873
Island,531,1,6275,2834
Island,549,1,5386,2254
Island,550,1,5375,2263
Island,555,139,4250,1015
Island,557,1,4853,3036
Island,560,15,6262,2619
Island,563,1,3820,1634
Island,563,1,3848,1600
Island,577,1,6313,2648
Island,600,1,3894,1604
Island,600,1,3902,1594
Island,606,1,3027,2189
Island,614,31,6185,2456
Island,618,1,5259,2239
Island,619,1,2847,2051
Island,620,1,5093,2537
Island,626,1,5249,2258
Island,628,1,5232,2261
Island,629,1,5228,2277
Island,630,1,5219,2285
Island,631,1,5206,2297
Island,631,1,5207,2296
Island,631,1,5208,2295
Island,633,1,5182,2320
Island,635,1,5039,2603
Island,635,1,5166,2337
Island,637,1,5894,1481
Island,637,1,5895,1480
Island,637,1,5896,1479
Island,637,1,5897,1478
Island,637,1,5898,1477
Island,637,1,5899,1476
Island,637,1,5900,1475
Island,637,1,5901,1474
Island,637,1,5902,1473
Island,639,1,5021,2633
Island,639,1,5141,2365
Island,640,1,5016,2642
Island,641,1,5011,2651
Island,644,1,4993,2685
Island,645,1,4985,2700
Island,646,1,6501,2787
Island,646,1,4975,2719
Island,646,1,4976,2717
Island,647,2,4957,2749
Island,647,2,6001,1323
Island,647,1,4948,2764
Island,647,1,4950,2761
Island,647,1,4951,2759
Island,647,1,4953,2756
Island,647,1,4954,2754
Island,647,1,4955,2753
Island,647,1,4956,2751
Island,647,1,6000,1324
Island,655,1,5066,2456
Island,663,1,3682,1977
Island,664,1,3677,1983
Island,669,231,6453,2710
Island,671,1,5043,2488
Island,674,1,5020,2523
Island,680,1,4961,2628
Island,682,1,4948,2649
Island,683,1,4943,2657
Island,686,1,6396,901
Island,687,1,6402,884
Island,699,1,5711,1566
Island,715,1,6543,2786
Island,739,1,3816,2013
Island,776,1,4774,2903
Island,803,1,6365,2930
Island,804,1,6365,2931
Island,804,1,6367,2930
Island,822,80,4043,1859
Island,834,1,3634,2356
Island,834,1,3676,2312
Island,835,1,3689,2299
Island,835,1,3690,2298
Island,835,1,3691,2297
Island,835,1,3692,2296
Island,835,1,3693,2295
Island,835,1,3694,2294
Island,835,1,3695,2293
Island,835,1,3696,2292
Island,840,1,3519,2471
Island,844,3,4673,2905
Island,887,1,6829,489
Island,887,1,6836,480
Island,888,1,6830,489
Island,888,1,6831,488
Island,888,1,6835,483
Island,889,4,6832,487
Island,889,2,3287,2621
Island,889,1,3289,2620
Island,890,101,3282,2617
Island,890,1,6832,490
Island,890,1,6835,486
Island,891,1,6833,490
Island,891,1,6834,489
Island,940,292,4278,1728
Island,975,45,4077,2155
Island,983,7,4883,2284
Island,999,66,3604,2495
Island,999,1,3602,2517
Island,999,1,3603,2516
Island,1000,1,3594,2526
Island,1000,1,3636,2483
Island,1045,34,4342,1837
Island,1050,1,4337,1533
Island,1052,1,4362,1553
Island,1092,35,4364,1627
Island,1104,5,4086,2313
Island,1105,57,4084,2309
Island,1136,52,4366,1711
Island,1136,2,4393,1728
Island,1162,88,4162,2219
Island,1200,1,3526,2672
Island,1201,1,3518,2681
Island,1202,1,3506,2695
Island,1202,1,3507,2694
Island,1203,1,3495,2708
Island,1203,1,4296,1593
Island,1207,33,3376,2839
Island,1207,1,3375,2850
Island,1218,39,4323,1598
Island,1221,1,4295,1929
Island,1224,70,4274,1932
Island,1239,6,4093,2360
Island,1240,89,4090,2355
Island,1241,25,3510,2750
Island,1259,1,4266,1552
Island,1265,1,3981,2509
Island,1273,1,4268,1576
Island,1275,1,4269,1580
Island,1277,1,4270,1584
Island,1299,13,3196,3016
Island,1315,1,4322,1949
Island,1320,1,5048,1818
Island,1321,1,5044,1822
Island,1327,1,5022,1847
Island,1329,1,5015,1855
Island,1330,9,4320,1935
Island,1332,1,5005,1867
Island,1342,1,4973,1906
Island,1347,1,4318,1613
Island,1358,4,3739,2653
Island,1367,1,4785,2158
Island,1379,1,4697,2258
Island,1380,1,4689,2267
Island,1381,1,4681,2276
Island,1384,1,4660,2301
Island,1385,1,4653,2309
Island,1387,1,4642,2323
Island,1389,1,4167,2166
Island,1390,1,4626,2343
Island,1393,1,4613,2360
Island,1398,75,4022,2493
Island,1398,1,4594,2385
Island,1405,58,3437,2888
Island,1411,11,3311,2988
Island,1411,1,3310,2994
Island,1425,27,3630,2732
Island,1426,1,4855,2069
Island,1512,1,4319,1931
Island,1512,1,4318,1930
Island,1512,1,4317,1929
Island,1514,6,4097,2306
Island,1514,1,4095,2305
Island,1579,84,3784,2797
Island,1591,277,4560,1440
Island,1609,1,4277,2099
Island,1630,50,3568,2934
Island,1641,1,4329,3276
Island,1641,1,4328,3275
Island,1652,1,4456,1841
Island,1663,2,3982,2494
Island,1694,1,5776,1256
Island,1703,2,2805,3365
Island,1801,1,5444,1557
Island,1802,2,4637,1252
Island,1802,1,5443,1559
Island,1803,21,4634,1252
Island,1803,1,5442,1561
Island,1803,1,4633,1257
Island,1809,2,5435,1573
Island,1810,1,5434,1575
Island,1811,1,5433,1577
Island,1812,3,5431,1579
Island,1813,2,5429,1581
Island,1819,1,5418,1592
Island,1823,2,5413,1600
Island,1824,2,5412,1602
Island,1825,1,5413,1604
Island,1828,2,5407,1610
Island,1829,3,5405,1612
Island,1830,2,5404,1614
Island,1837,2,5392,1628
Island,1854,20,3496,3140
Island,1876,16,3271,3226
Island,1890,1,4527,1567
Island,1906,1,4509,1597
Island,1910,1,4505,1604
Island,1925,2,3248,3267
Island,1968,1,4142,2214
Island,1969,1,4141,2214
Island,1970,1,4140,2214
Island,1972,1,4139,2215
Island,1986,1,4428,1730
Island,2000,5,4462,1742
Island,2001,1,4400,1763
Island,2003,1,4315,1867
Island,2003,1,4395,1769
Island,2004,1,4321,1860
Island,2005,1,4390,1775
Island,2007,1,4335,1843
Island,2008,1,4617,883
Island,2009,2,4344,1831
Island,2010,1,4350,1824
Island,2010,1,4368,1801
Island,2010,1,4369,1800
Island,2010,1,4370,1799
Island,2017,1,4598,934
Island,2017,1,4601,932
Island,2036,111,4612,1032
Island,2042,20,4265,3384
Island,2057,1,4118,3717
Island,2087,2,3989,3947
Island,2132,1,4563,1406
Island,2133,17,4562,1403
Island,2133,1,4561,1410
Island,2278,82,4144,1776
Island,2282,1,3718,2927
Island,2286,36,3660,3023
Island,2289,1033,4073,1865
Island,2289,31,4664,766
Island,2289,4,4678,762
Island,2289,1,4663,781
Island,2289,1,4677,765
Island,2289,1,4680,761
Island,2289,1,4681,760
Island,2290,1,4572,900
Island,2290,1,4699,736
Island,2290,1,4723,695
Island,2291,2,4569,906
Island,2291,1,4652,795
Island,2292,1,4566,914
Island,2293,1,4564,919
Island,2294,1,4104,1756
Island,2294,1,4562,924
Island,2295,1,4121,1745
Island,2295,1,4560,929
Island,2296,29,4120,1710
Island,2296,2,4558,933
Island,2296,1,4046,1814
Island,2297,1,4556,938
Island,2298,2,4554,942
Island,2300,1,4014,1853
Island,2302,1,4546,960
Island,2302,1,4618,841
Island,2303,1,4605,856
Island,2305,4,4039,1874
Island,2305,4,4041,1871
Island,2305,2,4038,1877
Island,2305,2,4043,1869
Island,2305,1,4044,1868
Island,2305,1,4541,971
Island,2306,9,5208,1950
Island,2308,15,4306,3451
Island,2308,1,4309,3450
Island,2311,2,4532,990
Island,2314,1,4528,999
Island,2335,2,3936,2542
Island,2336,28,3932,2540
Island,2336,1,4504,1051
Island,2337,17,3031,3386
Island,2337,3,3041,3385
Island,2338,1,4751,737
Island,2339,8,4750,734
Island,2339,2,4466,1154
Island,2339,1,4482,1122
Island,2340,1,4461,1166
Island,2340,1,4488,1111
Island,2341,1,4458,1174
Island,2341,1,4493,1103
Island,2342,1,4497,1097
Island,2343,1,4454,1185
Island,2344,1,4504,1086
Island,2349,2,3927,1810
Island,2349,2,3928,1808
Island,2349,2,3929,1805
Island,2349,2,3930,1803
Island,2351,1,4445,1215
Island,2355,1,4531,1056
Island,2360,1,4463,3145
Island,2367,15,4134,1468
Island,2370,114,4194,2034
Island,2380,1,4587,1027
Island,2381,14,3867,2048
Island,2381,2,3870,2045
Island,2386,1,4671,947
Island,2387,1,4701,904
Island,2408,16,3813,2713
Island,2424,1,4453,3361
Island,2424,1,4454,3359
Island,2426,7,4475,3297
Island,2426,2,4474,3303
Island,2427,2,4542,3170
Island,2434,10,3825,2260
Island,2459,12,4499,1486
Island,2506,7,4223,1359
Island,2507,29,4221,1355
Island,2520,1,4800,814
Island,2521,19,4798,810
Island,2522,1,4802,822
Island,2526,1,4802,833
Island,2527,1,4627,1133
Island,2527,1,4654,1106
Island,2529,1,4621,1139
Island,2532,1,4614,1145
Island,2535,1,4374,3925
Island,2535,1,4394,3847
Island,2536,3,4389,3866
Island,2536,1,4387,3875
Island,2536,1,4388,3871
Island,2536,1,4280,1654
Island,2537,1,4280,1655
Island,2538,1,4281,1657
Island,2538,1,4280,1656
Island,2539,1,4282,1659
Island,2539,1,4281,1658
Island,2539,1,4280,1657
Island,2540,1,4281,1659
Island,2540,1,4280,1658
Island,2541,1,4281,1660
Island,2541,1,4280,1659
Island,2543,26,3658,2543
Island,2578,5,4304,1301
Island,2579,29,4304,1299
Island,2579,1,4187,1332
Island,2580,60,4182,1331
Island,2581,2,4146,1560
Island,2595,1,4756,987
Island,2605,58,4116,1438
Island,2606,1,5123,2449
Island,2608,1,5117,2465
Island,2611,1,5098,2508
Island,2612,1,5086,2533
Island,2613,1,5073,2559
Island,2616,1,5060,2585
Island,2621,10,4804,854
Island,2621,1,4800,862
Island,2621,1,4801,861
Island,2621,1,4802,860
Island,2621,1,4803,859
Island,2621,1,4810,853
Island,2623,2,4586,1244
Island,2623,1,4583,1248
Island,2623,1,4584,1247
Island,2623,1,4585,1246
Island,2623,1,4587,1243
Island,2623,1,4588,1242
Island,2623,1,4589,1241
Island,2623,1,4590,1240
Island,2623,1,4591,1239
Island,2623,1,4592,1238
Island,2624,1,4574,1258
Island,2624,1,4575,1257
Island,2624,1,4597,1231
Island,2624,1,4598,1230
Island,2624,1,4599,1229
Island,2625,1,4569,1263
Island,2625,1,4603,1224
Island,2626,1,4566,1266
Island,2627,1,4562,1270
Island,2629,1,4555,1277
Island,2631,1,4550,1281
Island,2634,1,4165,1557
Island,2682,6,4381,1191
Island,2690,30,4113,1386
Island,2693,52,4191,1254
Island,2708,1,4301,1555
Island,2712,1,4359,1539
Island,2716,1,4369,1534
Island,2717,1,4371,1533
Island,2718,1,4373,1532
Island,2720,1,4376,1530
Island,2788,8,4169,1527
Island,2788,1,4174,1526
Island,2824,7,4113,1332
Island,2838,1,3067,3379
Island,2840,1,3066,3382
Island,2850,46,4347,1505
Island,2871,15,4343,1528
Overhang,1943,14,4828,2173
ResinTrap,15,12,5154,1240
ResinTrap,15,12,6404,490
ResinTrap,15,12,5654,1240
ResinTrap,15,12,6904,490
ResinTrap,15,12,6154,1240
ResinTrap,15,12,5154,2240
ResinTrap,15,12,6154,740
ResinTrap,15,12,4154,3240
ResinTrap,15,12,4154,2240
ResinTrap,15,12,6654,2740
ResinTrap,15,12,4654,2740
ResinTrap,15,12,6154,2240
ResinTrap,15,12,5904,990
ResinTrap,15,12,6404,1240
ResinTrap,15,12,6654,740
ResinTrap,15,12,4654,3240
ResinTrap,15,12,6404,990
ResinTrap,15,12,4654,2240
ResinTrap,15,12,4904,2490
ResinTrap,15,12,5154,1740
ResinTrap,15,12,5404,1990
ResinTrap,15,12,6404,2990
ResinTrap,15,12,5404,1490
ResinTrap,15,12,5654,1740
ResinTrap,15,12,4654,3740
ResinTrap,15,12,6404,2490
ResinTrap,26,33,6141,2512
ResinTrap,50,10,6094,2498
ResinTrap,57,7,5891,2166
ResinTrap,60,7,5880,2393
ResinTrap,109,7,5880,2419
ResinTrap,109,7,5883,2410
ResinTrap,111,7,5882,2415
ResinTrap,123,9,6142,2512
ResinTrap,165,12,4904,1740
ResinTrap,165,12,5154,1740
ResinTrap,165,12,6154,740
ResinTrap,165,12,6404,740
ResinTrap,165,12,5154,1990
ResinTrap,165,12,5404,1740
ResinTrap,165,12,5154,1490
ResinTrap,165,12,6654,2740
ResinTrap,165,12,5654,1740
ResinTrap,165,12,5654,990
ResinTrap,165,12,5404,1490
ResinTrap,165,12,5404,1240
ResinTrap,165,12,6904,490
ResinTrap,165,12,6404,990
ResinTrap,165,12,5654,1490
ResinTrap,165,12,4654,2490
ResinTrap,165,12,5904,1240
ResinTrap,165,12,4904,2240
ResinTrap,171,7,5638,2224
ResinTrap,176,33,6141,2512
ResinTrap,185,13,5657,2206
ResinTrap,186,10,5940,1990
ResinTrap,187,7,5196,2727
ResinTrap,188,13,5195,2731
ResinTrap,188,7,5660,2768
ResinTrap,188,7,5171,2695
ResinTrap,188,7,5945,1983
ResinTrap,190,7,5161,2697
ResinTrap,192,13,4273,622
ResinTrap,192,7,4272,630
ResinTrap,194,10,5205,2747
ResinTrap,196,7,3307,1679
ResinTrap,196,7,3315,1677
ResinTrap,200,10,6094,2498
ResinTrap,201,7,5840,2003
ResinTrap,201,7,3318,1373
ResinTrap,203,7,3320,1378
ResinTrap,204,30,3286,1637
ResinTrap,205,7,3292,1635
ResinTrap,206,10,5724,2742
ResinTrap,206,7,5725,2747
ResinTrap,210,13,5926,1989
ResinTrap,211,10,5923,2519
ResinTrap,211,7,5909,1952
ResinTrap,212,7,5911,2571
ResinTrap,213,16,5874,2515
ResinTrap,213,7,3298,1616
ResinTrap,214,7,5917,2577
ResinTrap,215,19,5179,2734
ResinTrap,215,7,5902,2462
ResinTrap,216,13,5184,2733
ResinTrap,217,24,3543,1395
ResinTrap,218,10,3555,1400
ResinTrap,219,17,5883,2505
ResinTrap,223,7,3343,1629
ResinTrap,229,42,5880,2482
ResinTrap,230,12,5170,2721
ResinTrap,231,7,5848,2516
ResinTrap,232,42,5924,2474
ResinTrap,232,36,5887,2037
ResinTrap,232,13,5691,2746
ResinTrap,232,7,3243,1630
ResinTrap,233,7,5176,2753
ResinTrap,234,7,5841,2515
ResinTrap,236,14,5871,2026
ResinTrap,236,7,5861,2431
ResinTrap,237,23,5916,2467
ResinTrap,238,10,5939,2472
ResinTrap,238,7,5888,1953
ResinTrap,239,18,5914,2554
ResinTrap,239,7,5925,1968
ResinTrap,240,23,5897,2514
ResinTrap,240,7,5877,2034
ResinTrap,240,7,5603,2771
ResinTrap,240,7,5605,2774
ResinTrap,241,7,3307,1657
ResinTrap,242,7,5922,1960
ResinTrap,242,7,5924,1963
ResinTrap,245,57,5840,2464
ResinTrap,245,13,5918,2019
ResinTrap,250,10,5837,2455
ResinTrap,250,7,5644,2747
ResinTrap,253,50,5649,2272
ResinTrap,257,7,5174,2685
ResinTrap,257,7,5674,2230
ResinTrap,258,7,5643,2261
ResinTrap,259,7,5677,2231
ResinTrap,260,7,5644,2264
ResinTrap,260,7,5846,2469
ResinTrap,261,13,5893,1995
ResinTrap,262,7,5647,2284
ResinTrap,264,7,5646,2287
ResinTrap,267,27,5929,2491
ResinTrap,267,10,5930,2491
ResinTrap,268,7,5576,2825
ResinTrap,269,10,5179,2685
ResinTrap,269,7,5905,2955
ResinTrap,273,9,6142,2512
ResinTrap,273,7,5907,2042
ResinTrap,273,7,5904,2044
ResinTrap,273,7,5901,2046
TouchingBound,11,272,4024,4
TouchingBound,12,922,4023,3
