Island,200,2,6950,2444
Island,200,2,1633,2353
Island,200,1,1631,2352
Island,201,5,6854,2456
Island,201,5,6860,2455
Island,201,4,6850,2457
Island,202,2,1838,2423
Island,202,1,1599,2335
Island,206,1,1603,2353
Island,209,119,6746,2488
Island,209,30,6726,2482
Island,209,1,3996,2075
Island,214,1,3983,2051
Island,223,32,4189,2223
Island,223,1,4188,2222
Island,225,1,3953,1990
Island,229,1,3942,1971
Island,232,7,1773,2458
Island,233,30,1771,2456
Island,235,9,4045,2034
Island,235,1,4050,2037
Island,236,1,6915,2501
Island,237,1,4065,2048
Island,240,1,4080,2061
Island,242,1,4090,2071
Island,242,1,4089,2070
Island,243,4,3925,1903
Island,243,1,4096,2079
Island,243,1,4095,2078
Island,251,1,1807,2490
Island,252,1,1809,2491
Island,252,1,4067,2068
Island,255,1,4081,2078
Island,255,1,4080,2077
Island,268,68,4465,2646
Island,268,7,4457,2640
Island,268,1,4461,2643
Island,269,44,1962,2742
Island,277,1,4308,2527
Island,277,1,1859,2323
Island,285,18,1496,2514
Island,285,1,7053,2900
Island,288,1,7053,2894
Island,301,1,1891,2664
Island,310,1,1736,2366
Island,326,1,3990,2078
Island,334,1,1689,2383
Island,334,1,1688,2382
Island,335,48,1686,2381
Island,337,25,7354,2457
Island,338,20,7324,2402
Island,343,1,1678,2436
Island,344,1,6825,2476
Island,356,25,4065,2021
Island,363,6,4262,2816
Island,366,3,7444,2176
Island,366,1,4503,1997
Island,368,1,4517,1970
Island,369,143,2228,2543
Island,370,479,2195,2559
Island,389,2,4246,1991
Island,389,2,4238,1989
Island,389,1,4243,1990
Island,427,2,4334,2141
Island,427,1,4333,2140
Island,428,46,4329,2138
Island,428,1,4328,2137
Island,432,31,4324,2150
Island,438,3,2274,2155
Island,438,2,3727,2750
Island,438,1,2231,2133
Island,439,1,2224,2126
Island,440,1,2220,2121
Island,441,1,4676,1978
Island,442,2,1617,2398
Island,442,1,1616,2397
Island,444,1,2212,2105
Island,445,1,4686,1984
Island,448,1,4694,1989
Island,453,4,2252,1941
Island,460,25,6728,2515
Island,461,2,2353,2096
Island,461,1,2354,2094
Island,463,2,3804,2730
Island,466,1,3792,2711
Island,468,1,3786,2704
Island,475,4,1636,2154
Island,479,8,1749,2136
Island,480,48,7234,1766
Island,480,11,7319,1572
Island,480,2,7232,1765
Island,480,1,7231,1764
Island,481,8,3705,2881
Island,481,1,7221,1758
Island,482,63,3703,2877
Island,482,1,7214,1753
Island,484,39,1793,2563
Island,484,6,7157,1605
Island,484,5,6945,2654
Island,484,1,7296,1768
Island,484,1,7202,1743
Island,484,1,7156,1609
Island,485,1,7197,1738
Island,486,1,7311,1759
Island,487,1,7318,1753
Island,488,1,7185,1723
Island,489,1,7328,1742
Island,490,1,7332,1736
Island,490,1,7177,1709
Island,491,26,4360,2108
Island,491,1,7173,1700
Island,492,1,4729,1960
Island,492,1,7338,1726
Island,493,5,4368,2074
Island,493,2,4367,2071
Island,494,29,4356,2122
Island,495,141,6682,2187
Island,496,25,6948,2615
Island,498,1,7346,1702
Island,504,38,6777,2645
Island,504,1,6776,2644
Island,505,1,6806,2668
Island,507,2,4373,2125
Island,510,44,3848,2525
Island,510,1,7325,1652
Island,513,1,4401,2040
Island,518,52,4360,1980
Island,525,1,4479,1769
Island,526,1,4482,1768
Island,529,71,1571,2560
Island,538,15,4346,1959
Island,541,1,4514,1754
Island,542,69,1538,2528
Island,543,1,6873,2664
Island,544,16,6872,2662
Island,546,1,4536,1750
Island,549,1,4446,1747
Island,552,11,6769,2689
Island,561,1,6730,2678
Island,566,1,1512,2492
Island,567,10,1745,2532
Island,567,1,4647,1768
Island,568,1,4646,1770
Island,569,1,4645,1772
Island,577,1,6771,2700
Island,588,49,7131,1916
Island,588,30,2039,2022
Island,591,1,7226,1710
Island,592,149,6881,2668
Island,592,1,7148,1973
Island,592,1,7231,1699
Island,593,1,7153,1982
Island,594,2,7158,1990
Island,595,14,4102,2607
Island,595,2,4101,2605
Island,595,1,7163,1998
Island,596,1,7168,2005
Island,597,1,4087,2578
Island,598,6,2086,2188
Island,598,2,3825,2782
Island,599,1,7184,2027
Island,600,1,3804,2775
Island,600,1,3805,2771
Island,600,1,3806,2768
Island,605,129,4040,2768
Island,608,1,4095,2747
Island,609,159,2084,2261
Island,609,10,7319,2019
Island,609,1,4116,2719
Island,609,1,4117,2718
Island,610,24,4108,2579
Island,610,2,4131,2691
Island,610,1,4132,2690
Island,610,1,4133,2688
Island,610,1,4112,2590
Island,612,1,4111,2698
Island,615,17,2189,2368
Island,617,7,4430,1951
Island,617,2,4429,1956
Island,618,37,4428,1951
Island,618,1,4427,1963
Island,619,2,4425,1966
Island,620,5,7364,2008
Island,621,2,4128,2605
Island,624,14,3916,2570
Island,627,183,3999,2523
Island,627,25,6958,2675
Island,627,1,6957,2686
Island,630,4,1548,2608
Island,631,22,1547,2606
Island,632,1,1559,2603
Island,642,8,7367,1880
Island,643,1,7364,1876
Island,648,16,7247,2092
Island,649,65,4152,2609
Island,651,15,4172,2647
Island,652,17,6772,2733
Island,652,1,6777,2732
Island,652,1,6778,2730
Island,652,1,1544,2469
Island,653,2,6780,2724
Island,654,1,1530,2462
Island,656,24,7242,2118
Island,656,3,4161,2563
Island,656,1,4162,2566
Island,656,1,4160,2562
Island,657,177,4153,2549
Island,658,16,4168,2586
Island,658,3,4493,1943
Island,658,2,4492,1945
Island,659,34,4490,1942
Island,659,2,4489,1954
Island,659,1,4735,1673
Island,659,1,4736,1672
Island,660,14,4733,1671
Island,660,1,4487,1958
Island,660,1,4731,1679
Island,660,1,4732,1678
Island,661,1,4726,1686
Island,661,1,4727,1685
Island,661,1,4694,1651
Island,662,8,4693,1649
Island,662,3,4692,1656
Island,662,1,4721,1693
Island,662,1,4722,1692
Island,662,1,4723,1691
Island,662,1,4724,1689
Island,662,1,4725,1688
Island,662,1,4691,1661
Island,663,3,4690,1662
Island,663,2,4689,1666
Island,663,1,4719,1696
Island,663,1,4720,1695
Island,664,18,7293,2077
Island,664,2,4687,1672
Island,664,1,4686,1676
Island,665,89,7189,2119
Island,671,1,7131,1940
Island,672,2,7116,1934
Island,673,1,4284,2107
Island,675,1,7137,2110
Island,675,1,7136,2109
Island,676,47,7129,2098
Island,676,1,7128,2097
Island,676,1,7127,2096
Island,677,2,7120,2083
Island,677,1,7119,2082
Island,678,1,7113,2070
Island,679,1,7108,2057
Island,681,6,2157,2391
Island,681,1,7102,2027
Island,682,50,2156,2388
Island,682,1,4348,2525
Island,685,4,4202,2666
Island,686,39,4198,2662
Island,690,19,4049,2738
Island,690,1,6747,2935
Island,693,1,6720,2678
Island,693,1,7330,2103
Island,693,1,7331,2102
Island,694,1,6723,2683
Island,695,36,6811,2773
Island,696,4,7092,2043
Island,696,2,1593,2444
Island,696,1,1603,2441
Island,697,123,7090,2037
Island,698,1,4720,2138
Island,702,7,3964,2604
Island,703,58,3962,2602
Island,705,14,7184,2303
Island,705,5,4090,2495
Island,705,2,4092,2499
Island,705,1,3973,2597
Island,706,57,2010,2329
Island,706,1,4439,1655
Island,708,1,4344,1957
Island,709,1,6768,2542
Island,709,1,4342,1954
Island,710,1,4341,1952
Island,712,1,4618,1957
Island,712,1,4493,1626
Island,713,5,4420,1941
Island,713,1,4738,2171
Island,716,1,6755,2559
Island,717,1,4011,2564
Island,718,32,7110,2285
Island,718,6,4023,2552
Island,718,1,6737,2583
Island,719,700,7164,2271
Island,719,1,6744,2574
Island,720,1,2188,2418
Island,720,1,2187,2417
Island,721,1,7289,2007
Island,728,1,4074,2683
Island,728,1,7275,1993
Island,729,1,4070,2680
Island,730,1,4066,2676
Island,730,1,7268,1988
Island,731,2,7262,1985
Island,732,2,7254,1981
Island,732,1,7252,1980
Island,732,1,7236,1975
Island,733,346,2028,2455
Island,733,42,4532,1701
Island,733,2,4530,1700
Island,735,30,4739,1844
Island,737,1,4752,1827
Island,739,1,4757,1815
Island,740,26,4811,1849
Island,740,1,4759,1810
Island,742,2,7097,2854
Island,742,1,7096,2853
Island,743,38,7092,2845
Island,743,1,6906,2846
Island,744,1,7087,2835
Island,744,1,6749,2703
Island,744,1,7225,1706
Island,745,1,6830,2533
Island,746,1,6757,2714
Island,746,1,4776,1784
Island,747,3,4773,1868
Island,747,1,6761,2720
Island,747,1,4772,1870
Island,748,29,4770,1864
Island,750,44,1991,2521
Island,751,1,7237,1716
Island,754,2,6661,2982
Island,755,2,6659,2983
Island,762,1,6631,3016
Island,762,1,6632,3015
Island,764,1,7265,1738
Island,765,4,6647,2987
Island,765,1,6646,2986
Island,765,1,6645,2985
Island,766,8,6679,2922
Island,766,2,6627,2946
Island,766,1,7270,1742
Island,767,1,7273,1744
Island,768,29,7051,2181
Island,771,1,4632,1712
Island,772,10,4283,2645
Island,773,1,4635,1707
Island,774,1,4636,1705
Island,775,1,7310,1771
Island,776,2,7323,1780
Island,776,1,7326,1782
Island,776,1,7325,1781
Island,776,1,7322,1779
Island,777,1,4587,1711
Island,780,34,4720,1901
Island,780,1,1488,2730
Island,780,1,4719,1900
Island,780,1,4718,1899
Island,780,1,4717,1898
Island,781,31,4703,1897
Island,781,1,4526,1558
Island,782,20,4496,1681
Island,783,2,6623,3006
Island,784,2,6849,3035
Island,785,1,6601,2971
Island,785,1,2307,2708
Island,786,1,3781,2189
Island,787,1,2410,2869
Island,788,49,2375,2424
Island,788,1,4380,2620
Island,789,1,4494,1694
Island,790,1,4474,1718
Island,791,19,7095,2863
Island,792,14,4596,2552
Island,794,1,4505,1974
Island,795,1,4501,1975
Island,795,1,3660,1802
Island,796,1,7081,1766
Island,798,1,7074,1771
Island,800,2,4496,1682
Island,800,1,6938,3130
Island,801,1,6941,3136
Island,802,2,6950,3144
Island,802,2,6948,3143
Island,802,1,6952,3145
Island,802,1,4773,2184
Island,803,1,4771,2175
Island,804,2,4769,2166
Island,806,1,2387,2744
Island,807,2,2381,2831
Island,807,1,2385,2838
Island,807,1,2384,2836
Island,807,1,2383,2834
Island,807,1,2382,2833
Island,807,1,2380,2830
Island,807,1,2379,2829
Island,807,1,2378,2828
Island,807,1,2377,2826
Island,807,1,2376,2825
Island,807,1,2375,2824
Island,807,1,2374,2823
Island,807,1,2373,2822
Island,807,1,5034,1942
Island,808,67,2297,2606
Island,808,1,5040,1952
Island,809,1,5046,1962
Island,810,9,3558,1909
Island,810,2,4756,2118
Island,810,1,5051,1971
Island,811,1,4461,2587
Island,811,1,5055,1977
Island,813,1,2385,2714
Island,814,14,6979,3051
Island,816,1,5072,2004
Island,818,1,6963,3028
Island,818,1,6962,3027
Island,819,1,1965,2334
Island,820,1,2385,2797
Island,820,1,1960,2328
Island,820,1,5082,2019
Island,821,2,3883,2051
Island,821,1,7084,2152
Island,821,1,7373,1803
Island,822,4,7090,2143
Island,822,4,7093,2139
Island,822,1,1554,2612
Island,822,1,7269,2145
Island,822,1,7092,2142
Island,824,1,5090,2030
Island,825,2,7380,1787
Island,826,2,7382,1782
Island,826,1,2376,2768
Island,826,1,3838,1986
Island,828,142,4346,2147
Island,828,22,6939,2972
Island,829,3,4891,1638
Island,829,1,3745,2032
Island,829,1,4890,1642
Island,830,25,4888,1635
Island,832,2,5011,1877
Island,832,1,4811,2161
Island,836,2,2166,2434
Island,837,1,2165,2437
Island,838,10,5107,2109
Island,838,1,4799,2115
Island,838,1,4911,1811
Island,839,1,4797,2110
Island,840,1,4669,1524
Island,841,22,4668,1524
Island,843,1,4788,2089
Island,843,1,4710,2007
Island,844,5,1541,2584
Island,844,2,1540,2588
Island,844,1,1528,2619
Island,844,1,1539,2591
Island,845,86,1571,2612
Island,846,1,5093,2087
Island,846,1,4781,2077
Island,847,1,5089,2073
Island,847,1,5084,2058
Island,849,1,4774,2067
Island,849,1,4734,1716
Island,850,5,5029,2291
Island,850,1,2513,3433
Island,852,1,1925,2394
Island,853,1,1920,2390
Island,853,1,1917,2388
Island,854,1,1912,2383
Island,854,1,7268,2220
Island,857,2,7039,1780
Island,858,2,7038,1776
Island,858,1,2554,3120
Island,858,1,4013,2222
Island,859,192,4508,1734
Island,859,92,4982,2015
Island,859,1,5010,2014
Island,860,21,4435,2108
Island,860,1,2306,2562
Island,860,1,7073,2223
Island,860,1,7074,2221
Island,861,1,7086,2202
Island,861,1,7087,2200
Island,862,1,2304,2558
Island,862,1,4834,2079
Island,864,12,4757,2037
Island,865,45,4832,2060
Island,865,33,6868,2587
Island,865,20,2067,2709
Island,865,1,4850,2086
Island,865,1,4813,2054
Island,866,1,4810,2050
Island,866,1,4751,2031
Island,869,1,4744,2024
Island,870,4,7331,2465
Island,871,32,7330,2465
Island,871,1,7329,2473
Island,871,1,2116,2367
Island,871,1,4739,2020
Island,872,1,2574,3486
Island,872,1,4792,2031
Island,872,1,4505,1687
Island,875,1,4730,2014
Island,876,16,4837,2046
Island,876,2,4907,2041
Island,877,1,4760,2391
Island,877,1,4512,1666
Island,878,11,4758,2015
Island,878,5,4768,2017
Island,878,4,4796,1563
Island,878,1,4776,2018
Island,879,69,4877,2073
Island,879,1,2288,2815
Island,879,1,4888,2108
Island,879,1,4876,2071
Island,880,63,7309,2554
Island,880,6,7314,2548
Island,882,1,4819,2027
Island,882,1,4520,1642
Island,884,11,2244,2761
Island,884,3,7097,2855
Island,884,1,7101,2854
Island,885,5,4776,2009
Island,885,2,7120,2845
Island,885,2,7122,2844
Island,885,1,7125,2843
Island,885,1,4811,2020
Island,886,97,4772,2004
Island,886,2,7139,2834
Island,886,1,3638,2143
Island,887,1,7157,2823
Island,887,1,7159,2822
Island,887,1,4806,2016
Island,888,26,7239,2736
Island,888,3,5362,2095
Island,888,1,7176,2810
Island,888,1,7179,2808
Island,888,1,5363,2099
Island,888,1,5361,2091
Island,888,1,4803,2014
Island,889,174,5350,2072
Island,889,2,4406,2274
Island,889,1,7196,2793
Island,889,1,7197,2792
Island,889,1,7198,2791
Island,889,1,7199,2790
Island,889,1,7200,2789
Island,889,1,7221,2767
Island,889,1,7222,2766
Island,889,1,4405,2277
Island,890,2,4397,2297
Island,890,1,4396,2300
Island,890,1,3648,2147
Island,891,1,4389,2321
Island,891,1,3648,2146
Island,894,698,4954,2064
Island,894,2,1715,2890
Island,894,1,1712,2889
Island,894,1,2293,2570
Island,894,1,4455,2496
Island,895,1,2308,2851
Island,895,1,4454,2493
Island,896,5,4387,2404
Island,896,1,2291,2567
Island,896,1,3650,2142
Island,897,1,1665,2869
Island,897,1,2303,2856
Island,897,1,3650,2141
Island,898,1,4395,2431
Island,899,1,4447,2480
Island,900,1,2247,2873
Island,900,1,2246,2872
Island,900,1,2219,2838
Island,900,1,4444,2476
Island,900,1,4404,2439
Island,901,1,2256,2881
Island,901,1,2212,2825
Island,901,1,4438,2470
Island,902,3,6960,2467
Island,902,2,6962,2465
Island,902,1,2209,2817
Island,902,1,6963,2464
Island,902,1,6964,2462
Island,902,1,4425,2458
Island,902,1,4424,2457
Island,902,1,4423,2456
Island,902,1,4422,2455
Island,902,1,3828,2281
Island,903,70,6959,2447
Island,903,1,6903,2851
Island,903,1,2207,2810
Island,903,1,6973,2446
Island,903,1,6974,2444
Island,903,1,3833,2282
Island,904,1,6897,2845
Island,904,1,6982,2431
Island,904,1,6983,2430
Island,904,1,5073,1818
Island,905,75,5321,2319
Island,905,1,6890,2838
Island,905,1,2283,2554
Island,905,1,6989,2421
Island,905,1,5067,1821
Island,906,1,6995,2413
Island,907,1,6875,2819
Island,907,1,6874,2818
Island,908,7,4809,2001
Island,908,1,2289,2900
Island,908,1,7050,2871
Island,908,1,6866,2806
Island,908,1,7292,2425
Island,908,1,7005,2402
Island,908,1,7006,2401
Island,909,42,4806,1999
Island,909,2,6853,2780
Island,910,75,4274,2583
Island,910,1,7016,2392
Island,911,1,7021,2388
Island,911,1,4864,2370
Island,911,1,5036,1718
Island,912,236,4294,2586
Island,912,2,4234,2625
Island,912,1,4236,2629
Island,912,1,4235,2627
Island,912,1,4233,2624
Island,912,1,7026,2384
Island,913,85,4228,2614
Island,913,8,7241,2329
Island,913,2,7245,2336
Island,913,2,7244,2334
Island,913,1,3947,2372
Island,914,2,7271,2390
Island,914,2,7254,2355
Island,914,1,2078,2422
Island,914,1,7270,2388
Island,914,1,7037,2376
Island,914,1,7257,2362
Island,914,1,7256,2360
Island,914,1,7255,2358
Island,914,1,4791,1992
Island,915,65,4260,2650
Island,915,2,5035,2519
Island,915,1,4856,2384
Island,915,1,7043,2372
Island,916,123,4247,2656
Island,916,39,4747,2418
Island,916,1,2273,2539
Island,916,1,7049,2368
Island,917,1,2319,2909
Island,917,1,7055,2364
Island,918,2,2096,2616
Island,918,2,7061,2360
Island,918,1,4840,1991
Island,919,20,7017,2888
Island,919,5,7049,2893
Island,919,5,7057,2892
Island,919,3,2100,2603
Island,919,1,5019,2505
Island,919,1,4848,2397
Island,920,3,2108,2577
Island,920,2,2109,2574
Island,920,2,2110,2571
Island,920,1,7101,2881
Island,920,1,2111,2568
Island,920,1,5014,2500
Island,921,16,7244,2760
Island,921,2,6985,2885
Island,921,2,4335,2700
Island,921,1,7045,2883
Island,921,1,7122,2871
Island,921,1,7243,2767
Island,921,1,4338,2704
Island,921,1,4337,2703
Island,921,1,4336,2702
Island,921,1,4334,2699
Island,921,1,4333,2698
Island,922,46,4860,1943
Island,922,12,4351,2673
Island,922,2,7141,2860
Island,922,1,7143,2859
Island,922,1,7145,2858
Island,923,2,7162,2847
Island,923,1,7164,2846
Island,923,1,7165,2845
Island,923,1,7225,2790
Island,923,1,7226,2789
Island,924,1,7185,2830
Island,924,1,7186,2829
Island,924,1,7190,2826
Island,924,1,7191,2825
Island,924,1,7192,2824
Island,924,1,7193,2823
Island,924,1,7209,2807
Island,924,1,7210,2806
Island,924,1,7211,2805
Island,924,1,7212,2804
Island,924,1,7213,2803
Island,924,1,2266,2529
Island,925,2,1720,2914
Island,925,1,1551,2806
Island,925,1,5020,2610
Island,925,1,5035,2592
Island,926,2,1694,2906
Island,926,1,1692,2905
Island,926,1,1689,2904
Island,926,1,6948,2868
Island,926,1,7257,2672
Island,926,1,5011,2621
Island,927,2,1672,2897
Island,927,1,1670,2896
Island,927,1,5005,2628
Island,928,8,4690,2417
Island,928,4,1382,3070
Island,928,3,4692,2414
Island,928,2,1385,3072
Island,928,2,1380,3069
Island,928,2,1378,3068
Island,928,2,1376,3067
Island,928,1,1391,3075
Island,928,1,1389,3074
Island,928,1,1387,3073
Island,928,1,1375,3066
Island,928,1,1373,3065
Island,928,1,1371,3064
Island,928,1,2355,2917
Island,928,1,1657,2890
Island,928,1,1655,2889
Island,928,1,4828,1805
Island,929,2,1643,2883
Island,929,1,1412,3087
Island,929,1,4729,1978
Island,929,1,4821,1808
Island,930,2,2347,2390
Island,930,1,1633,2877
Island,930,1,1631,2876
Island,930,1,2349,2389
Island,930,1,2351,2388
Island,930,1,4812,1812
Island,931,21,2176,2872
Island,931,2,1623,2871
Island,931,1,2368,2922
Island,931,1,1622,2870
Island,931,1,6917,2836
Island,931,1,4803,1816
Island,932,1,2372,2924
Island,932,1,6909,2824
Island,932,1,6908,2823
Island,932,1,7256,2658
Island,933,30,2398,2961
Island,933,2,2397,2958
Island,933,1,2398,2981
Island,933,1,2379,2929
Island,933,1,2378,2928
Island,933,1,1608,2859
Island,934,9,6996,2908
Island,934,1,6999,2912
Island,934,1,1603,2854
Island,935,22,4575,2594
Island,935,14,7079,2911
Island,936,1,7118,3215
Island,936,1,2233,2912
Island,937,1,7115,3217
Island,937,1,7017,2921
Island,937,1,1589,2840
Island,938,83,4562,2672
Island,939,126,4599,2620
Island,939,36,4662,2592
Island,939,7,4570,2660
Island,939,1,1463,3117
Island,939,1,4569,2659
Island,940,1,2251,2510
Island,941,10,2381,2962
Island,941,1,2250,2509
Island,943,86,7077,2926
Island,943,34,6994,2921
Island,945,99,7161,2055
Island,946,24,7172,2128
Island,946,1,7175,2071
Island,946,1,7177,2070
Island,947,1,6952,3240
Island,948,51,1844,2466
Island,948,19,6951,3234
Island,948,16,1564,2828
Island,948,3,1841,2474
Island,948,3,1883,2465
Island,948,2,1838,2475
Island,948,1,1483,3130
Island,948,1,1835,2476
Island,949,217,4739,2590
Island,949,3,1814,2483
Island,949,2,1812,2484
Island,949,1,7074,3240
Island,949,1,1560,2823
Island,950,36,5046,2598
Island,950,1,7097,2933
Island,951,1,7094,2936
Island,951,1,4457,2789
Island,951,1,4458,2788
Island,951,1,4459,2787
Island,951,1,4460,2786
Island,952,151,4450,2780
Island,952,141,7019,2940
Island,952,19,4461,2790
Island,952,16,4449,2636
Island,952,3,7015,2939
Island,952,1,1551,2810
Island,953,1,4340,2531
Island,954,1,1576,2879
Island,954,1,4785,2597
Island,955,29,7244,2055
Island,955,1,7084,2945
Island,955,1,1570,2873
Island,955,1,1569,2872
Island,956,36,7246,2088
Island,956,11,7245,2064
Island,956,1,6918,2618
Island,957,76,1579,2894
Island,957,1,7040,3251
Island,957,1,5224,2465
Island,958,2,1431,3129
Island,958,1,7034,3252
Island,958,1,1541,2786
Island,958,1,5239,2473
Island,959,70,1425,3125
Island,959,12,4423,2619
Island,959,2,5256,2484
Island,959,2,2318,2353
Island,959,1,1551,2850
Island,960,38,4418,2646
Island,960,5,1539,2817
Island,960,2,5284,2503
Island,960,1,1548,2845
Island,960,1,6900,2611
Island,960,1,5289,2506
Island,960,1,5288,2505
Island,960,1,5286,2504
Island,960,1,5283,2502
Island,961,38,1538,2817
Island,961,1,4507,2851
Island,962,1,5283,2495
Island,964,2,7169,2107
Island,965,42,7037,2962
Island,965,5,7030,2964
Island,965,2,7076,2961
Island,965,1,4448,2589
Island,966,1,7097,2955
Island,967,2,7107,2951
Island,967,1,4421,2599
Island,967,1,4422,2598
Island,968,19,4761,2457
Island,968,3,1567,2897
Island,968,2,7203,2100
Island,968,1,7117,2947
Island,968,1,2215,2403
Island,969,47,1562,2891
Island,969,1,1572,2905
Island,969,1,7215,2096
Island,970,90,1529,2826
Island,970,24,2254,2692
Island,970,1,4771,2466
Island,971,1,1552,2880
Island,971,1,2267,2659
Island,971,1,4773,2467
Island,971,1,7230,2088
Island,971,1,7232,2087
Island,972,41,6914,2902
Island,972,2,6980,2955
Island,972,2,6978,2954
Island,972,1,6937,2926
Island,972,1,6936,2925
Island,972,1,6935,2924
Island,972,1,6934,2923
Island,972,1,6933,2922
Island,972,1,6932,2921
Island,972,1,6931,2920
Island,972,1,6913,2901
Island,972,1,6912,2900
Island,972,1,6911,2899
Island,972,1,6910,2898
Island,972,1,2266,2657
Island,972,1,7237,2083
Island,973,4,4567,2765
Island,973,1,1545,2870
Island,973,1,4569,2764
Island,973,1,7241,2079
Island,974,247,4558,2739
Island,974,1,6893,2875
Island,975,1,7153,2926
Island,976,4,4932,1581
Island,976,2,7279,2048
Island,976,1,6883,2858
Island,976,1,4931,1585
Island,977,2,1221,2704
Island,977,1,2190,2233
Island,978,1,6876,2845
Island,979,12,4825,2486
Island,980,15,2149,2178
Island,980,4,2161,2194
Island,980,4,2158,2190
Island,980,4,2155,2186
Island,980,1,2163,2197
Island,980,1,2160,2193
Island,980,1,2157,2189
Island,981,1,6866,2824
Island,981,1,7323,2061
Island,982,474,6828,3073
Island,982,1,6863,2816
Island,982,1,2196,2295
Island,983,1,7182,2904
Island,983,1,6860,2808
Island,983,1,1599,2643
Island,984,15,4875,2673
Island,984,1,1583,3118
Island,984,1,4874,2672
Island,984,1,7469,2112
Island,985,1,1555,2927
Island,985,1,7474,2118
Island,986,2,1651,2966
Island,986,1,1547,2921
Island,986,1,1159,2716
Island,986,1,2199,2389
Island,986,1,7479,2124
Island,987,92,5009,1641
Island,987,42,7226,3184
Island,987,13,4725,1475
Island,987,1,7485,2131
Island,987,1,7484,2130
Island,987,1,5322,2063
Island,987,1,5030,1665
Island,987,1,4724,1480
Island,988,1,1536,2911
Island,988,1,7548,2196
Island,988,1,7547,2195
Island,988,1,7546,2194
Island,988,1,7545,2193
Island,988,1,7544,2192
Island,988,1,7543,2191
Island,988,1,7542,2190
Island,988,1,7541,2189
Island,988,1,7540,2188
Island,988,1,7539,2187
Island,988,1,7538,2186
Island,988,1,7537,2185
Island,988,1,7536,2184
Island,988,1,7535,2183
Island,988,1,7534,2182
Island,988,1,7495,2143
Island,988,1,7494,2142
Island,989,1,1531,2905
Island,990,1,7205,2882
Island,991,11,4600,2553
Island,991,1,4540,2549
Island,991,1,2194,2385
Island,991,1,5334,2056
Island,992,10,4463,2576
Island,992,1,5337,2054
Island,993,1,7001,2529
Island,994,24,1259,2668
Island,994,1,7219,2864
Island,995,24,1539,2942
Island,995,6,7252,2817
Island,995,1,7251,2821
Island,996,69,7243,2816
Island,996,4,7241,2832
Island,996,1,7232,2846
Island,996,1,7233,2845
Island,996,1,7236,2841
Island,996,1,7238,2838
Island,996,1,7239,2837
Island,996,1,7240,2835
Island,997,1,7373,2905
Island,997,1,5359,2040
Island,998,1,1512,2890
Island,999,1,4513,2571
Island,999,1,7054,2105
Island,999,1,5369,2033
Island,1000,1,1520,2936
Island,1000,1,1505,2867
Island,1000,1,2175,2238
Island,1000,1,2174,2237
Island,1000,1,5376,2028
Island,1001,4,1502,2850
Island,1001,2,7287,2242
Island,1001,1,4647,2728
Island,1001,1,2218,2378
Island,1001,1,7286,2243
Island,1001,1,7305,2228
Island,1001,1,7306,2227
Island,1001,1,2167,2227
Island,1001,1,7307,2226
Island,1001,1,2166,2226
Island,1001,1,7308,2225
Island,1001,1,7309,2224
Island,1002,1,2212,2367
Island,1002,1,7277,2249
Island,1002,1,7315,2218
Island,1002,1,7316,2217
Island,1002,1,2157,2214
Island,1002,1,2156,2213
Island,1003,1,7386,2883
Island,1003,1,2206,2356
Island,1003,1,2205,2354
Island,1003,1,7321,2212
Island,1003,1,2149,2204
Island,1003,1,2148,2203
Island,1003,1,5393,2016
Island,1004,1,2199,2343
Island,1004,1,7264,2257
Island,1005,2,7328,2204
Island,1005,1,2192,2331
Island,1005,1,7329,2203
Island,1005,1,2132,2184
Island,1006,49,4644,1450
Island,1006,1,1213,3000
Island,1006,1,2186,2320
Island,1006,1,4642,1449
Island,1007,1,2179,2307
Island,1007,1,7335,2196
Island,1007,1,5418,1998
Island,1007,1,5419,1997
Island,1008,26,7319,2315
Island,1008,20,7225,2215
Island,1008,1,2172,2295
Island,1008,1,7272,2182
Island,1008,1,5425,1993
Island,1009,77,6874,3020
Island,1009,1,2166,2284
Island,1009,1,2165,2282
Island,1009,1,5432,1988
Island,1010,1,2159,2271
Island,1011,84,7234,2181
Island,1011,1,5444,1979
Island,1012,1,5451,1974
Island,1013,2,5364,2023
Island,1013,1,7352,2176
Island,1013,1,5458,1969
Island,1015,2,7376,2158
Island,1015,1,7360,2168
Island,1015,1,7361,2167
Island,1015,1,5331,2033
Island,1015,1,5470,1960
Island,1016,89,7350,2269
Island,1016,1,1489,2970
Island,1016,1,5477,1955
Island,1017,24,1933,2824
Island,1017,1,4649,2563
Island,1018,84,7320,2287
Island,1018,1,7343,2286
Island,1018,1,7344,2285
Island,1018,1,7412,2168
Island,1020,69,1474,2899
Island,1022,1,2109,2190
Island,1022,1,7422,2181
Island,1023,1,7425,2185
Island,1024,32,7357,2338
Island,1025,53,5131,2193
Island,1025,1,7274,2749
Island,1025,1,5489,1975
Island,1026,1,7024,2105
Island,1030,1,7014,2118
Island,1031,59,2095,2176
Island,1031,15,1965,3133
Island,1031,10,2090,2170
Island,1031,8,2079,2157
Island,1031,6,2085,2164
Island,1031,4,2073,2150
Island,1031,1,2089,2169
Island,1031,1,2088,2168
Island,1031,1,2084,2163
Island,1031,1,2083,2162
Island,1031,1,2078,2156
Island,1031,1,2077,2155
Island,1031,1,2076,2154
Island,1031,1,2075,2153
Island,1031,1,2072,2149
Island,1031,1,2071,2148
Island,1031,1,2070,2147
Island,1031,1,2069,2146
Island,1031,1,2068,2145
Island,1031,1,2067,2144
Island,1031,1,2066,2143
Island,1031,1,2065,2141
Island,1031,1,2064,2140
Island,1031,1,7011,2122
Island,1032,1,1914,2906
Island,1033,1,7005,2129
Island,1035,1,6998,2137
Island,1036,1,2170,2340
Island,1036,1,6994,2141
Island,1037,1,6989,2146
Island,1038,1,4679,2721
Island,1038,1,6984,2151
Island,1040,1,1951,3086
Island,1040,1,6972,2162
Island,1041,17,2258,2917
Island,1041,2,2257,2913
Island,1041,1,1950,3082
Island,1041,1,6966,2168
Island,1042,1,1949,3078
Island,1045,1,4681,2710
Island,1046,9,7579,2281
Island,1046,1,7578,2280
Island,1046,1,7577,2279
Island,1046,1,7576,2278
Island,1048,2,2262,3019
Island,1048,1,1587,3325
Island,1049,1,1583,3338
Island,1050,6,7020,2551
Island,1050,1,1578,3353
Island,1051,25,7019,2547
Island,1051,1,1569,3379
Island,1051,1,7018,2546
Island,1051,1,4536,1502
Island,1052,516,7235,2319
Island,1053,2,2227,2830
Island,1053,1,7015,2537
Island,1053,1,2131,2255
Island,1053,1,2126,2247
Island,1053,1,2124,2244
Island,1053,1,2122,2241
Island,1053,1,2120,2238
Island,1054,2,2152,2290
Island,1054,2,2151,2288
Island,1054,1,1976,3150
Island,1054,1,2153,2292
Island,1055,2,2162,2310
Island,1055,1,2065,3117
Island,1055,1,7012,2528
Island,1055,1,2163,2313
Island,1056,2,2168,2324
Island,1057,1,7009,2519
Island,1057,1,2172,2336
Island,1058,1,1249,2863
Island,1059,2,1253,2851
Island,1059,1,1254,2849
Island,1059,1,7006,2510
Island,1062,44,1995,2915
Island,1063,1,6370,3019
Island,1064,3,7483,2782
Island,1064,2,7481,2781
Island,1064,2,7479,2780
Island,1064,1,7477,2779
Island,1064,1,7475,2778
Island,1066,1,7442,2761
Island,1066,1,7385,2222
Island,1067,2,7432,2756
Island,1068,17,7386,2484
Island,1069,15,1973,2923
Island,1069,7,7459,2778
Island,1069,4,7466,2781
Island,1069,2,7456,2777
Island,1069,1,7470,2783
Island,1069,1,7418,2748
Island,1073,4,7276,2621
Island,1074,27,7274,2619
Island,1074,9,1980,2882
Island,1075,1,6447,3132
Island,1075,1,6448,3131
Island,1076,1,6437,3144
Island,1077,1,6435,3147
Island,1078,2,7392,3244
Island,1078,1,7302,2637
Island,1079,1,6450,3131
Island,1079,1,1102,2701
Island,1080,1,4817,2678
Island,1081,2,7461,2739
Island,1081,1,4812,2675
Island,1081,1,4713,2612
Island,1081,1,4712,2611
Island,1082,50,7289,2618
Island,1082,45,4734,2509
Island,1082,41,4711,2607
Island,1082,1,4805,2671
Island,1082,1,4722,2618
Island,1083,1,4734,2626
Island,1083,1,4732,2625
Island,1083,1,4731,2624
Island,1084,2,4788,2661
Island,1084,1,4787,2660
Island,1084,1,2241,2423
Island,1085,1,2243,2422
Island,1088,3,2181,2724
Island,1089,4,2185,2753
Island,1090,5,2190,2791
Island,1090,2,6450,3036
Island,1090,1,6452,3039
Island,1090,1,6451,3038
Island,1090,1,6449,3035
Island,1090,1,2167,2967
Island,1091,4,6453,3041
Island,1091,1,6408,3145
Island,1091,1,6407,3144
Island,1091,1,6406,3143
Island,1092,94,4948,2011
Island,1092,1,6455,3044
Island,1092,1,1963,2814
Island,1092,1,1854,2621
Island,1093,1,1375,2815
Island,1097,114,7180,2277
Island,1098,37,7489,2617
Island,1099,66,7282,2567
Island,1099,1,7370,2598
Island,1102,1,6974,2240
Island,1103,1,6967,2247
Island,1103,1,6968,2246
Island,1104,38,5163,2119
Island,1104,34,5170,2135
Island,1105,69,5149,2106
Island,1105,1,6953,2260
Island,1105,1,6954,2259
Island,1106,92,5162,2185
Island,1106,1,6947,2266
Island,1107,120,2143,2549
Island,1107,4,2160,2603
Island,1107,2,2142,2547
Island,1108,57,5141,2092
Island,1108,3,7323,2636
Island,1108,2,7321,2635
Island,1109,19,5163,2204
Island,1115,54,6261,3153
Island,1115,10,4688,2281
Island,1115,1,6274,3162
Island,1116,1,7637,2348
Island,1117,1,2168,2754
Island,1120,3,4685,2328
Island,1120,1,7366,2667
Island,1121,15,5408,2530
Island,1121,1,5407,2540
Island,1121,1,7647,2341
Island,1122,2,1990,3343
Island,1123,2,2154,2747
Island,1123,1,2174,2831
Island,1124,1,2151,2742
Island,1125,1,2148,2736
Island,1130,1,2161,2815
Island,1134,1,2148,2797
Island,1135,1,2143,2789
Island,1135,1,1452,2776
Island,1136,1,2137,2780
Island,1137,2,6281,3031
Island,1138,1,2190,2915
Island,1139,1,1547,3337
Island,1141,1,6895,2796
Island,1142,1,1543,3342
Island,1146,10,5290,2175
Island,1146,1,7467,2496
Island,1146,1,7409,2186
Island,1147,1,7464,2488
Island,1148,82,5101,2038
Island,1148,2,7459,2475
Island,1148,2,7458,2473
Island,1148,2,7457,2471
Island,1148,1,7456,2469
Island,1148,1,7454,2466
Island,1148,1,7453,2464
Island,1148,1,7452,2462
Island,1148,1,7451,2460
Island,1149,1,1533,3355
Island,1150,2,6378,3186
Island,1150,1,6379,3185
Island,1151,13,6376,3184
Island,1152,1,6374,3192
Island,1152,1,6383,3182
Island,1152,1,2101,2601
Island,1153,3,2088,2571
Island,1153,2,2087,2569
Island,1153,2,2086,2567
Island,1153,1,6385,3180
Island,1153,1,2085,2565
Island,1154,1,1524,3367
Island,1156,1,6368,3201
Island,1156,1,1509,2747
Island,1156,1,6966,2610
Island,1157,21,6983,2615
Island,1157,19,6965,2607
Island,1157,1,2105,2767
Island,1158,1,1515,3378
Island,1158,1,6365,3206
Island,1158,1,2108,2771
Island,1159,1,2111,2775
Island,1160,1,6388,3181
Island,1160,1,6985,2598
Island,1161,1,2118,2785
Island,1162,1,2167,2866
Island,1162,1,2122,2791
Island,1162,1,6951,2694
Island,1163,1,6948,2691
Island,1163,1,6999,2589
Island,1164,1,2162,2858
Island,1164,1,6945,2688
Island,1164,1,7191,2498
Island,1165,2,2137,2814
Island,1165,1,1497,3400
Island,1165,1,2138,2816
Island,1166,262,7230,2438
Island,1166,6,7311,2429
Island,1166,4,7318,2430
Island,1166,2,7127,2523
Island,1166,1,7015,2579
Island,1166,1,7125,2524
Island,1168,85,7123,2492
Island,1168,2,7121,2514
Island,1168,2,7165,2491
Island,1168,2,7167,2490
Island,1168,1,1489,3410
Island,1168,1,7170,2489
Island,1169,2,7186,2481
Island,1169,1,1486,3413
Island,1169,1,7104,2524
Island,1169,1,7189,2480
Island,1170,1,7051,2557
Island,1171,1,1508,3346
Island,1171,1,7216,2412
Island,1171,1,7218,2411
Island,1171,1,4854,1496
Island,1172,1,1478,3423
Island,1172,1,6387,3053
Island,1172,1,7598,2901
Island,1172,1,7204,2418
Island,1172,1,7206,2417
Island,1173,20,6972,2975
Island,1173,2,6390,3057
Island,1173,2,7194,2423
Island,1173,1,6394,3063
Island,1173,1,6392,3060
Island,1173,1,6391,3059
Island,1173,1,6389,3056
Island,1173,1,6386,3052
Island,1173,1,6980,2987
Island,1173,1,6971,2974
Island,1173,1,6970,2973
Island,1173,1,6969,2972
Island,1173,1,7193,2424
Island,1174,1,1472,3430
Island,1174,1,6963,2964
Island,1174,1,7184,2429
Island,1174,1,7186,2428
Island,1174,1,4849,1510
Island,1175,1,6384,3050
Island,1175,1,7176,2434
Island,1176,57,1243,2874
Island,1176,1,6954,2954
Island,1176,1,7168,2439
Island,1176,1,4845,1521
Island,1177,1,7162,2443
Island,1178,1,7155,2448
Island,1178,1,7417,2419
Island,1178,1,4841,1532
Island,1179,24,7416,2417
Island,1179,1,1458,3447
Island,1180,1,1455,3450
Island,1180,1,7143,2458
Island,1180,1,7426,2435
Island,1181,14,1468,3395
Island,1181,2,7431,2443
Island,1181,1,1452,3454
Island,1181,1,7630,2906
Island,1181,1,7138,2462
Island,1181,1,7439,2457
Island,1181,1,7432,2445
Island,1182,1,7565,2488
Island,1182,1,7134,2466
Island,1184,1,7126,2475
Island,1185,6,5328,2157
Island,1185,1,1441,3467
Island,1185,1,7264,3226
Island,1185,1,7252,3214
Island,1185,1,7123,2479
Island,1185,1,7547,2469
Island,1186,152,7240,3204
Island,1186,111,5317,2153
Island,1186,4,7237,3202
Island,1186,1,7277,3243
Island,1186,1,7276,3242
Island,1186,1,7275,3240
Island,1186,1,7236,3201
Island,1186,1,7120,2483
Island,1186,1,7542,2465
Island,1187,1,1435,3474
Island,1187,1,7282,3251
Island,1189,1,1429,3481
Island,1190,1,7295,3275
Island,1191,1,1430,3484
Island,1194,22,1761,2714
Island,1196,16,1754,2697
Island,1200,1,1446,3491
Island,1200,1,1447,3490
Island,1207,1,7041,3092
Island,1208,1,7050,3100
Island,1209,1,7058,3107
Island,1210,1,7064,3112
Island,1211,1,7069,3116
Island,1212,1,7074,3120
Island,1214,1,7085,3129
Island,1214,1,7022,3044
Island,1214,1,7021,3043
Island,1215,69,1391,3179
Island,1215,1,7090,3133
Island,1215,1,7460,2350
Island,1216,1,7095,3137
Island,1216,1,6982,3006
Island,1217,1,7101,3142
Island,1218,1,6129,3236
Island,1219,1,1475,3408
Island,1220,1,7117,3157
Island,1231,4,7034,2459
Island,1231,4,7037,2457
Island,1231,2,7030,2463
Island,1231,1,7025,2468
Island,1231,1,7026,2467
Island,1231,1,7027,2466
Island,1231,1,7028,2465
Island,1231,1,7029,2464
Island,1231,1,7032,2462
Island,1231,1,7033,2461
Island,1231,1,7040,2456
Island,1231,1,7042,2455
Island,1231,1,7043,2454
Island,1232,21,5272,2243
Island,1232,2,7057,2448
Island,1234,1,7080,2442
Island,1238,1,7420,2389
Island,1239,10,1462,3140
Island,1239,1,1469,3144
Island,1240,73,1908,3234
Island,1240,1,1588,3274
Island,1240,1,1918,3251
Island,1240,1,6922,2936
Island,1240,1,7421,2387
Island,1241,1,1706,3483
Island,1241,1,1454,3131
Island,1242,1,1451,3127
Island,1243,1,1717,3482
Island,1244,1,1724,3481
Island,1244,1,1935,3282
Island,1246,2,1576,3626
Island,1246,1,1577,3629
Island,1247,2,1559,3580
Island,1248,1,1588,3654
Island,1248,1,7152,3167
Island,1250,1,6139,3043
Island,1252,1,6115,3056
Island,1260,17,1553,3267
Island,1260,1,1563,3273
Island,1261,1,1548,3262
Island,1262,1,1587,3290
Island,1262,1,1544,3257
Island,1262,1,7190,2381
Island,1266,1,1535,3245
Island,1267,1,1535,3244
Island,1268,52,1325,3174
Island,1268,1,1535,3243
Island,1268,1,1328,3198
Island,1270,1,1536,3242
Island,1271,1,1536,3241
Island,1272,6,1717,2948
Island,1272,1,1537,3241
Island,1273,1,6291,3264
Island,1274,1,1512,3318
Island,1275,1,6273,3279
Island,1276,2,1528,3331
Island,1276,1,1534,3333
Island,1277,1,6269,3282
Island,1295,15,2002,3407
Island,1296,1,1681,3444
Island,1296,1,1680,3442
Island,1297,1,1675,3432
Island,1298,3,1371,3316
Island,1298,1,1714,3484
Island,1300,1,1674,3427
Island,1302,1,1381,3362
Island,1303,4,6296,3075
Island,1303,1,1675,3425
Island,1303,1,6300,3080
Island,1303,1,6299,3079
Island,1303,1,6298,3078
Island,1304,25,6294,3074
Island,1304,4,6303,3085
Island,1304,1,6305,3088
Island,1308,1,1596,3491
Island,1314,3,1650,3530
Island,1330,23,1751,2992
Island,1334,6,1471,3237
Island,1335,31,1465,3237
Island,1347,4,1435,3530
Island,1347,1,1434,3527
Island,1351,1,7614,2909
Island,1352,1,1478,3598
Island,1352,1,1476,3597
Island,1352,1,1474,3596
Island,1353,7,7609,2925
Island,1353,1,7611,2922
Island,1403,1,1607,3474
Island,1403,1,1605,3469
ResinTrap,24,24,4863,1319
ResinTrap,24,24,6231,2762
ResinTrap,24,24,1631,3123
ResinTrap,24,24,1242,3123
ResinTrap,24,23,4863,2097
ResinTrap,24,23,5252,2097
ResinTrap,24,23,1047,2540
ResinTrap,24,23,3502,2292
ResinTrap,24,23,7204,3345
ResinTrap,24,23,4280,1514
ResinTrap,24,23,5252,2486
ResinTrap,24,23,5058,2292
ResinTrap,24,23,4669,1514
ResinTrap,24,23,6426,2956
ResinTrap,24,23,1242,3512
ResinTrap,24,23,4863,2875
ResinTrap,24,23,5447,2292
ResinTrap,24,23,5252,1708
ResinTrap,24,23,2603,2929
ResinTrap,24,23,5058,1514
ResinTrap,24,23,3697,2486
ResinTrap,24,23,5058,1903
ResinTrap,24,23,4863,1708
ResinTrap,24,23,3308,2097
ResinTrap,24,23,4863,2486
ResinTrap,24,23,7593,2956
ResinTrap,24,23,1825,3318
ResinTrap,24,23,1631,3512
ResinTrap,24,23,2603,3318
ResinTrap,24,22,4474,1319
ResinTrap,24,22,1047,2929
ResinTrap,24,12,2409,3124
ResinTrap,192,7,7043,2395
ResinTrap,192,7,7042,2392
ResinTrap,206,7,1788,2501
ResinTrap,226,24,6231,2956
ResinTrap,226,23,2603,3318
ResinTrap,226,23,5058,1514
ResinTrap,226,23,1436,3512
ResinTrap,226,23,1825,3318
ResinTrap,226,23,5447,2097
ResinTrap,226,23,4863,1708
ResinTrap,226,23,1242,2929
ResinTrap,226,23,5058,2292
ResinTrap,226,23,5252,1708
ResinTrap,226,23,5252,2486
ResinTrap,226,23,5252,1903
ResinTrap,226,23,2603,2929
ResinTrap,226,23,2214,3318
ResinTrap,226,23,1242,3707
ResinTrap,226,23,1242,3318
ResinTrap,226,23,1631,3318
ResinTrap,226,23,1631,3707
ResinTrap,226,22,4280,1319
ResinTrap,226,22,6037,3151
ResinTrap,226,22,2603,3123
ResinTrap,226,22,6232,3345
ResinTrap,226,22,5252,2681
ResinTrap,226,22,1047,3123
ResinTrap,226,22,4474,1514
ResinTrap,226,22,6231,3151
ResinTrap,226,22,1436,3123
ResinTrap,226,22,2020,3318
ResinTrap,226,22,1825,3512
ResinTrap,226,22,6426,3151
ResinTrap,226,22,4669,1319
ResinTrap,226,22,4863,1319
ResinTrap,226,22,5447,2486
ResinTrap,226,22,1631,3123
ResinTrap,226,22,2214,3123
ResinTrap,226,22,2408,3318
ResinTrap,226,12,4475,1320
ResinTrap,227,7,4076,1986
ResinTrap,232,12,4482,1701
ResinTrap,234,14,4463,1697
ResinTrap,236,25,3880,2480
ResinTrap,236,20,4488,1718
ResinTrap,243,7,1847,1969
ResinTrap,243,7,1845,1964
ResinTrap,247,7,2039,2766
ResinTrap,247,7,2041,2769
ResinTrap,251,13,3719,2285
ResinTrap,251,7,1612,2335
ResinTrap,253,156,1603,2322
ResinTrap,253,12,1990,1968
ResinTrap,253,7,4448,1711
ResinTrap,254,77,6907,2486
ResinTrap,254,7,4446,1716
ResinTrap,254,7,1798,2461
ResinTrap,254,7,1801,2494
ResinTrap,256,147,6703,2444
ResinTrap,263,43,3658,2868
ResinTrap,264,322,4050,2035
ResinTrap,265,7,7197,1409
ResinTrap,265,7,3655,2863
ResinTrap,266,35,7210,1615
ResinTrap,268,7,3939,2472
ResinTrap,269,13,4675,2077
ResinTrap,269,7,6900,2492
ResinTrap,271,33,2024,1986
ResinTrap,271,17,6657,2753
ResinTrap,272,168,3931,1916
ResinTrap,272,23,6627,2211
ResinTrap,272,10,2025,1980
ResinTrap,273,17,2010,2002
ResinTrap,273,7,6895,2493
ResinTrap,274,50,2413,1802
ResinTrap,274,28,6934,2368
ResinTrap,275,55,1989,1998
ResinTrap,275,7,1691,2240
ResinTrap,275,7,6892,2493
ResinTrap,276,7,7177,1402
ResinTrap,276,7,1642,2279
ResinTrap,277,7,2422,1806
ResinTrap,278,13,1836,2344
ResinTrap,278,12,1848,2351
ResinTrap,278,7,1987,1995
ResinTrap,279,7,7181,1404
ResinTrap,279,7,6884,2492
ResinTrap,280,17,2012,2016
ResinTrap,280,7,6621,2226
ResinTrap,280,7,6881,2491
ResinTrap,281,23,1654,2003
ResinTrap,281,21,3696,2858
ResinTrap,281,7,6878,2490
ResinTrap,282,7,6875,2489
ResinTrap,283,7,2410,1799
ResinTrap,283,7,6871,2487
ResinTrap,284,42,6865,2485
ResinTrap,284,27,3710,2696
ResinTrap,284,10,6446,2385
ResinTrap,284,7,2408,1796
ResinTrap,285,40,1632,2271
ResinTrap,285,28,4055,2169
ResinTrap,285,7,6734,2359
ResinTrap,285,7,1612,2285
ResinTrap,285,7,3704,2700
ResinTrap,286,7,4463,1775
ResinTrap,287,43,6639,2723
ResinTrap,287,41,3898,2669
ResinTrap,287,7,7206,1803
ResinTrap,287,7,6717,2379
ResinTrap,287,7,4297,3060
ResinTrap,288,13,2416,1772
ResinTrap,288,12,6702,2394
ResinTrap,288,7,4465,1771
ResinTrap,288,7,6693,2407
ResinTrap,289,13,2236,1794
ResinTrap,290,13,7014,2453
ResinTrap,290,7,7012,2463
ResinTrap,292,13,4666,2031
ResinTrap,292,7,1872,2406
ResinTrap,293,16,6469,2371
ResinTrap,293,12,2403,1826
ResinTrap,293,7,6647,2714
ResinTrap,295,20,7214,1802
ResinTrap,295,18,3727,2684
ResinTrap,295,12,6931,2376
ResinTrap,295,7,3725,2689
ResinTrap,296,49,6640,2190
ResinTrap,296,17,4447,1750
ResinTrap,296,7,7200,1395
ResinTrap,296,7,7204,1386
ResinTrap,297,44,3914,2453
ResinTrap,297,18,7194,1577
ResinTrap,298,32,3925,2431
ResinTrap,298,7,7013,2453
ResinTrap,298,7,6889,2397
ResinTrap,299,7,7201,1392
ResinTrap,299,7,7203,1388
ResinTrap,299,7,6468,2375
ResinTrap,300,18,1969,2027
ResinTrap,300,7,3909,2456
ResinTrap,301,56,4102,2428
ResinTrap,301,7,2043,2012
ResinTrap,302,7,6467,2376
ResinTrap,303,88,6822,2444
ResinTrap,303,7,1733,2358
ResinTrap,304,43,4115,2433
ResinTrap,304,12,2009,1977
ResinTrap,304,7,4131,2430
ResinTrap,305,54,6843,2249
ResinTrap,305,7,4099,2469
ResinTrap,305,7,4140,2432
ResinTrap,306,63,4131,2427
ResinTrap,306,18,7374,1595
ResinTrap,306,13,6463,2379
ResinTrap,306,7,7215,1599
ResinTrap,307,7,4138,2430
ResinTrap,308,7,4093,2466
ResinTrap,309,7,6834,2465
ResinTrap,311,41,6829,2206
ResinTrap,311,7,6637,2209
ResinTrap,311,7,4125,2429
ResinTrap,312,23,3906,2683
ResinTrap,312,10,6853,2257
ResinTrap,312,7,3924,2440
ResinTrap,313,7,6836,2206
ResinTrap,314,51,6821,2235
ResinTrap,315,20,3701,2875
ResinTrap,315,10,6639,2205
ResinTrap,316,31,6805,2250
ResinTrap,316,23,3700,2869
ResinTrap,316,20,4092,2428
ResinTrap,316,7,1624,2049
ResinTrap,317,68,6808,2124
ResinTrap,317,7,7227,1808
ResinTrap,318,37,6822,2150
ResinTrap,318,13,3843,2018
ResinTrap,319,7,7229,1809
ResinTrap,319,7,6822,2150
ResinTrap,321,13,3871,1988
ResinTrap,321,7,6815,2117
ResinTrap,321,7,3736,2855
ResinTrap,322,52,7223,1554
ResinTrap,322,18,3933,2455
ResinTrap,322,7,3738,2858
ResinTrap,323,66,6815,2195
ResinTrap,323,10,4290,2784
ResinTrap,327,10,7377,1634
ResinTrap,328,29,4015,2010
ResinTrap,330,18,6638,2747
ResinTrap,331,7,3876,1975
ResinTrap,332,17,6600,2219
ResinTrap,332,10,3878,1966
ResinTrap,332,7,3879,1963
ResinTrap,332,7,7430,2153
ResinTrap,333,10,3882,1949
ResinTrap,333,10,3889,1925
ResinTrap,333,7,6834,2252
ResinTrap,334,10,3885,1936
ResinTrap,335,7,3956,2415
ResinTrap,337,110,3655,2865
ResinTrap,337,7,7231,1782
ResinTrap,337,7,6828,2223
ResinTrap,339,7,7226,1854
ResinTrap,339,7,6840,2289
ResinTrap,339,7,3965,2415
ResinTrap,340,7,7230,1589
ResinTrap,340,7,7229,1789
ResinTrap,342,7,6818,2187
ResinTrap,342,7,1710,2395
ResinTrap,344,18,6788,2259
ResinTrap,344,7,4025,2040
ResinTrap,346,18,3922,2394
ResinTrap,349,12,6812,2151
ResinTrap,351,73,6637,2162
ResinTrap,351,18,7220,1854
ResinTrap,352,30,6801,2204
ResinTrap,352,7,6815,2123
ResinTrap,352,7,3663,2860
ResinTrap,353,7,6818,2129
ResinTrap,353,7,4264,2792
ResinTrap,354,105,6652,2144
ResinTrap,356,7,6816,2124
ResinTrap,359,20,6652,2137
ResinTrap,360,7,2371,1869
ResinTrap,361,7,6643,2175
ResinTrap,364,18,3753,2736
ResinTrap,365,7,6851,2174
ResinTrap,366,7,4059,2050
ResinTrap,368,83,6844,2170
ResinTrap,369,7,3877,2610
ResinTrap,370,20,6767,2275
ResinTrap,371,33,6626,2158
ResinTrap,371,13,7212,1550
ResinTrap,374,42,3651,2818
ResinTrap,374,7,3658,2824
ResinTrap,374,7,3655,2822
ResinTrap,376,30,6809,2175
ResinTrap,378,7,4282,2180
ResinTrap,380,7,4278,2186
ResinTrap,382,33,3681,2682
ResinTrap,382,7,6827,2561
ResinTrap,387,7,6676,2146
ResinTrap,389,7,3663,2893
ResinTrap,390,56,3656,2889
ResinTrap,391,7,3662,2893
ResinTrap,392,18,4272,2020
ResinTrap,392,7,6674,2144
ResinTrap,393,25,7169,1595
ResinTrap,394,7,7172,1592
ResinTrap,395,14,4278,2023
ResinTrap,397,19,4508,1989
ResinTrap,397,9,4282,2026
ResinTrap,399,7,3654,2887
ResinTrap,401,7,4289,2031
ResinTrap,402,13,6874,2272
ResinTrap,404,107,6606,2195
ResinTrap,404,7,3652,2885
ResinTrap,405,7,6542,2419
ResinTrap,406,17,6846,2155
ResinTrap,407,111,6543,2418
ResinTrap,409,7,3650,2883
ResinTrap,413,13,7341,1546
ResinTrap,413,7,6611,2199
ResinTrap,415,9,6610,2199
ResinTrap,416,12,7340,1545
ResinTrap,419,17,6610,2200
ResinTrap,421,13,6840,2177
ResinTrap,422,568,6607,2201
ResinTrap,422,30,6837,2177
ResinTrap,428,23,5058,1514
ResinTrap,428,23,1242,3318
ResinTrap,428,23,6037,2956
ResinTrap,428,23,1825,3318
ResinTrap,428,23,6037,3345
ResinTrap,428,23,1436,3707
ResinTrap,428,22,1436,3318
ResinTrap,428,22,7593,2956
ResinTrap,428,22,1242,3512
ResinTrap,428,19,6232,2956
ResinTrap,428,19,5058,2681
ResinTrap,428,19,1436,3123
ResinTrap,428,17,2409,3318
ResinTrap,428,14,2020,3512
ResinTrap,428,12,4475,1320
ResinTrap,431,7,7271,1704
ResinTrap,435,14,1622,2938
ResinTrap,438,7,3717,2686
ResinTrap,440,17,1633,2943
ResinTrap,443,7,3706,2310
ResinTrap,443,7,2599,2752
ResinTrap,443,7,1616,2928
ResinTrap,444,24,2589,2325
ResinTrap,444,7,1257,2563
ResinTrap,446,7,7189,3176
ResinTrap,447,18,4330,2051
ResinTrap,447,13,6691,2271
ResinTrap,448,17,7196,3173
ResinTrap,448,7,7193,3175
ResinTrap,449,10,2302,2141
ResinTrap,450,13,2296,2143
ResinTrap,450,7,2290,2144
ResinTrap,451,187,2297,2138
ResinTrap,452,7,6795,2271
ResinTrap,456,92,2223,2073
ResinTrap,458,7,4082,2685
ResinTrap,460,9,4307,2175
ResinTrap,461,13,7050,1989
ResinTrap,461,7,2227,2067
ResinTrap,462,38,4305,2174
ResinTrap,463,24,4312,2175
ResinTrap,470,92,4322,2145
ResinTrap,472,19,2583,2355
ResinTrap,472,7,2587,2361
ResinTrap,474,7,2028,1999
ResinTrap,475,49,4101,2663
ResinTrap,477,7,2356,2084
ResinTrap,482,18,7055,2025
ResinTrap,483,18,4094,2640
ResinTrap,484,7,3802,2792
ResinTrap,487,37,7181,3147
ResinTrap,487,7,4221,2178
ResinTrap,488,33,6919,2631
ResinTrap,488,7,3754,2687
ResinTrap,489,7,1794,2579
ResinTrap,489,7,4101,2650
ResinTrap,490,7,4092,2707
ResinTrap,492,13,6914,2635
ResinTrap,492,7,1825,2430
ResinTrap,492,7,4093,2710
ResinTrap,494,153,7287,1760
ResinTrap,494,10,7184,3159
ResinTrap,494,7,7183,3155
ResinTrap,497,75,6900,2637
ResinTrap,497,12,7301,1740
ResinTrap,497,10,6912,2636
ResinTrap,498,27,7305,1733
ResinTrap,498,24,6870,2656
ResinTrap,501,27,1638,2547
ResinTrap,502,7,6952,2607
ResinTrap,504,52,6681,2954
ResinTrap,504,27,6896,2640
ResinTrap,508,28,6687,2947
ResinTrap,509,13,4691,2080
ResinTrap,509,10,1810,2536
ResinTrap,509,7,6898,2639
ResinTrap,510,50,6694,2974
ResinTrap,510,18,4688,2081
ResinTrap,510,9,6952,2613
ResinTrap,511,62,6656,2958
ResinTrap,512,13,6898,2637
ResinTrap,512,7,7315,1613
ResinTrap,513,33,1806,2540
ResinTrap,513,9,1795,2445
ResinTrap,513,7,6657,2963
ResinTrap,514,7,1803,2547
ResinTrap,515,15,6812,2650
ResinTrap,515,14,1770,2555
ResinTrap,518,54,4141,2668
ResinTrap,518,51,6700,2991
ResinTrap,518,7,6916,2624
ResinTrap,519,7,7506,1801
ResinTrap,520,66,3554,2068
ResinTrap,521,10,6693,2935
ResinTrap,521,7,1792,2524
ResinTrap,522,38,3570,2076
ResinTrap,522,22,3576,1899
ResinTrap,523,97,2327,1855
ResinTrap,523,7,4203,2130
ResinTrap,524,61,1603,2488
ResinTrap,524,17,4272,2000
ResinTrap,524,13,4267,2001
ResinTrap,524,7,4264,2002
ResinTrap,525,70,2394,1872
ResinTrap,526,58,4373,2108
ResinTrap,526,20,4254,2004
ResinTrap,526,7,3569,2075
ResinTrap,527,159,1622,2540
ResinTrap,527,61,6950,2571
ResinTrap,528,92,6917,2614
ResinTrap,528,7,7068,1641
ResinTrap,528,7,4304,2000
ResinTrap,529,7,3534,1925
ResinTrap,529,7,4385,2110
ResinTrap,530,7,4311,2001
ResinTrap,530,7,3568,2073
ResinTrap,531,13,3557,2056
ResinTrap,531,7,3535,1924
ResinTrap,531,7,3591,2113
ResinTrap,531,7,1631,2552
ResinTrap,533,124,6927,2581
ResinTrap,533,105,1630,2552
ResinTrap,533,7,3589,2114
ResinTrap,534,22,1741,2414
ResinTrap,534,18,4158,2661
ResinTrap,534,7,2322,1853
ResinTrap,534,7,4161,2661
ResinTrap,534,7,1642,2561
ResinTrap,535,326,1633,2556
ResinTrap,535,102,1632,2554
ResinTrap,535,10,4278,1995
ResinTrap,535,7,7294,1619
ResinTrap,535,7,1659,2569
ResinTrap,536,10,1664,2571
ResinTrap,536,7,6663,2949
ResinTrap,537,12,7291,1619
ResinTrap,537,7,4148,2625
ResinTrap,537,7,6926,2526
ResinTrap,538,7,6929,2537
ResinTrap,539,71,4148,2621
ResinTrap,539,7,6926,2592
ResinTrap,540,30,4674,2074
ResinTrap,540,10,6663,2945
ResinTrap,540,7,6927,2588
ResinTrap,540,7,4679,2075
ResinTrap,541,44,2517,2387
ResinTrap,541,14,6802,2484
ResinTrap,541,7,4070,2623
ResinTrap,542,76,7155,1501
ResinTrap,542,68,7260,1476
ResinTrap,542,7,2336,1851
ResinTrap,543,7,4074,2621
ResinTrap,544,17,4159,2679
ResinTrap,544,7,4144,2626
ResinTrap,545,7,2384,1862
ResinTrap,546,25,3553,2073
ResinTrap,547,20,2531,2670
ResinTrap,547,17,2350,1851
ResinTrap,547,7,2537,2670
ResinTrap,548,3043,1741,2506
ResinTrap,548,7,2526,2383
ResinTrap,549,7,2365,1854
ResinTrap,549,7,2361,1853
ResinTrap,549,7,2358,1852
ResinTrap,549,7,3742,2207
ResinTrap,550,20,7232,1991
ResinTrap,550,7,3576,1891
ResinTrap,551,12,1704,2395
ResinTrap,551,7,7235,1989
ResinTrap,552,19,1705,2396
ResinTrap,553,7,4692,2095
ResinTrap,553,7,2381,2730
ResinTrap,554,40,6745,2979
ResinTrap,554,7,1766,2548
ResinTrap,555,49,3630,2928
ResinTrap,559,11084,1733,2465
ResinTrap,559,13,7096,1641
ResinTrap,560,26,1731,2539
ResinTrap,560,14,1641,2596
ResinTrap,561,12,2283,2070
ResinTrap,561,7,4167,2618
ResinTrap,561,7,6747,3016
ResinTrap,562,7,4162,2599
ResinTrap,564,40,7208,1652
ResinTrap,564,13,3554,1918
ResinTrap,564,7,3557,1917
ResinTrap,564,7,4133,2700
ResinTrap,565,17,7244,1640
ResinTrap,566,7,4465,2058
ResinTrap,567,13,7220,1969
ResinTrap,567,7,4174,2617
ResinTrap,568,32,3769,2213
ResinTrap,568,7,4139,2702
ResinTrap,570,32,1366,2552
ResinTrap,570,13,7216,1654
ResinTrap,570,7,4463,2104
ResinTrap,570,7,6900,2582
ResinTrap,571,13,2487,2389
ResinTrap,571,7,2485,2387
ResinTrap,572,101,7218,1653
ResinTrap,572,28,3770,2210
ResinTrap,573,7,4464,2104
ResinTrap,574,56,7221,1659
ResinTrap,574,13,3618,1881
ResinTrap,574,7,7223,1979
ResinTrap,576,33,4465,2104
ResinTrap,576,7,3621,1879
ResinTrap,577,88,3577,2823
ResinTrap,577,28,4252,2157
ResinTrap,577,20,4244,2154
ResinTrap,577,13,6837,2666
ResinTrap,581,37,2468,2323
ResinTrap,581,7,6821,2488
ResinTrap,583,7,4464,2118
ResinTrap,583,7,4023,2501
ResinTrap,585,148,2339,2689
ResinTrap,586,7,4280,2279
ResinTrap,586,7,1760,2484
ResinTrap,587,7,4027,2499
ResinTrap,587,7,6832,2493
ResinTrap,587,7,4032,2498
ResinTrap,589,23,3766,2225
ResinTrap,590,20,3570,1906
ResinTrap,591,7,6880,2641
ResinTrap,592,7,3583,2834
ResinTrap,594,7,3584,2839
ResinTrap,597,7,3585,2846
ResinTrap,597,7,4663,1720
ResinTrap,598,32,7205,2001
ResinTrap,598,7,7201,1998
ResinTrap,599,17,1543,2468
ResinTrap,599,7,4662,1722
ResinTrap,599,7,3774,2218
ResinTrap,601,29,6884,2580
ResinTrap,601,10,1544,2462
ResinTrap,601,7,4103,2624
ResinTrap,602,17,1545,2457
ResinTrap,602,13,1594,2396
ResinTrap,603,30,7089,1641
ResinTrap,603,7,7089,1641
ResinTrap,604,12,6851,2515
ResinTrap,604,7,1546,2454
ResinTrap,604,7,3588,2864
ResinTrap,605,20,1572,2406
ResinTrap,605,13,1598,2395
ResinTrap,605,7,1547,2451
ResinTrap,605,7,3907,2785
ResinTrap,605,7,3589,2868
ResinTrap,606,13,1548,2446
ResinTrap,606,10,3590,2872
ResinTrap,607,17,1676,2401
ResinTrap,607,10,1670,2400
ResinTrap,607,7,7210,1745
ResinTrap,608,25,3773,2184
ResinTrap,609,7,3780,2209
ResinTrap,610,7,1551,2443
ResinTrap,612,7,3848,2779
ResinTrap,613,13,3819,2772
ResinTrap,614,10,3822,2755
ResinTrap,615,7,7301,2015
ResinTrap,617,18,3807,2175
ResinTrap,618,27,7238,2040
ResinTrap,618,10,7231,2039
ResinTrap,618,7,7223,2037
ResinTrap,618,7,7220,2036
ResinTrap,618,7,7227,2038
ResinTrap,618,7,7172,2199
ResinTrap,619,57,7252,2041
ResinTrap,619,7,7216,2036
ResinTrap,620,17,7174,2201
ResinTrap,620,7,3617,2089
ResinTrap,620,7,7175,2205
ResinTrap,620,7,7211,2035
ResinTrap,621,20,7261,2042
ResinTrap,621,7,7195,2089
ResinTrap,621,7,7192,2091
ResinTrap,622,13,3618,2088
ResinTrap,622,7,4240,2032
ResinTrap,623,7,7266,2043
ResinTrap,624,9,2306,2281
ResinTrap,625,7,2304,2284
ResinTrap,627,25,1657,2879
ResinTrap,627,13,1659,2879
ResinTrap,628,7,3987,2544
ResinTrap,629,7,7341,2009
ResinTrap,629,7,4111,2579
ResinTrap,629,7,3909,2584
ResinTrap,629,7,2130,2357
ResinTrap,630,23,1242,3318
ResinTrap,630,23,6037,3345
ResinTrap,630,22,1436,3318
ResinTrap,630,22,1436,3707
ResinTrap,630,22,1631,3707
ResinTrap,630,19,1242,3512
ResinTrap,630,14,1436,3513
ResinTrap,630,10,2218,2370
ResinTrap,630,7,4117,2608
ResinTrap,631,27,4305,2169
ResinTrap,632,7,7292,2036
ResinTrap,633,18,2131,2366
ResinTrap,634,9,7282,2044
ResinTrap,634,7,6664,2586
ResinTrap,634,7,7286,2042
ResinTrap,637,13,4301,2157
ResinTrap,637,7,4279,2147
ResinTrap,638,7,4285,2149
ResinTrap,641,20,3609,1932
ResinTrap,642,12,7222,3136
ResinTrap,643,14,1844,3109
ResinTrap,645,7,2127,2365
ResinTrap,646,22,1805,3112
ResinTrap,649,27,2147,2371
ResinTrap,649,27,2137,2369
ResinTrap,649,7,2143,2370
ResinTrap,650,10,4857,2703
ResinTrap,652,13,2144,2372
ResinTrap,654,13,4151,2609
ResinTrap,656,7,2424,3128
ResinTrap,656,7,5086,2480
ResinTrap,658,7,3550,1908
ResinTrap,659,7,7240,2087
ResinTrap,659,7,7236,2088
ResinTrap,659,7,7246,2085
ResinTrap,659,7,3552,1911
ResinTrap,659,7,6946,2746
ResinTrap,660,43,2395,2456
ResinTrap,660,7,7191,3186
ResinTrap,660,7,5242,2260
ResinTrap,660,7,5249,2262
ResinTrap,661,34,4151,2556
ResinTrap,661,7,3553,1912
ResinTrap,661,7,3551,1909
ResinTrap,662,12,7345,1851
ResinTrap,663,10,7204,2094
ResinTrap,663,7,7575,2222
ResinTrap,663,7,7577,2219
ResinTrap,664,106,7242,2111
ResinTrap,664,23,2467,2560
ResinTrap,664,7,7192,1711
ResinTrap,665,18591,4091,2527
ResinTrap,665,7,4148,2583
ResinTrap,667,7,7184,3133
ResinTrap,668,23,1059,2776
ResinTrap,668,7,4159,2619
ResinTrap,668,7,2431,2346
ResinTrap,668,7,5058,1900
ResinTrap,669,7,1821,3103
ResinTrap,669,7,5017,2498
ResinTrap,671,13,7198,1709
ResinTrap,671,7,3813,2265
ResinTrap,672,18,2426,2348
ResinTrap,672,7,4168,2588
ResinTrap,673,43,3816,2262
ResinTrap,673,35,2416,2915
ResinTrap,673,32,2582,3125
ResinTrap,673,25,3842,2174
ResinTrap,673,7,4475,1957
ResinTrap,674,35,2403,2896
ResinTrap,674,33,4176,2558
ResinTrap,674,20,4173,2552
ResinTrap,674,7,7241,2135
ResinTrap,674,7,4181,2568
ResinTrap,674,7,2579,3136
ResinTrap,675,23,2212,2932
ResinTrap,675,17,2588,3158
ResinTrap,675,13,1093,2737
ResinTrap,675,7,7164,2092
ResinTrap,675,7,2356,2661
ResinTrap,676,17,2072,2267
ResinTrap,677,38,4185,2586
ResinTrap,677,28,4178,2574
ResinTrap,677,17,5057,2098
ResinTrap,677,7,4500,1943
ResinTrap,678,13,2211,2938
ResinTrap,678,7,2355,2659
ResinTrap,679,45,1456,2909
ResinTrap,679,32,5021,2118
ResinTrap,679,22,7136,1968
ResinTrap,679,20,6846,2505
ResinTrap,679,12,6923,2523
ResinTrap,679,10,7199,3130
ResinTrap,680,108,7137,1956
ResinTrap,680,7,2112,2377
ResinTrap,681,27,2353,2653
ResinTrap,682,60,6845,2506
ResinTrap,682,23,7147,2058
ResinTrap,682,7,2573,3115
ResinTrap,683,28,1453,2918
ResinTrap,683,7,1455,2918
ResinTrap,684,41,5015,2096
ResinTrap,684,7,2409,2901
ResinTrap,684,7,2278,2683
ResinTrap,684,7,2411,2904
ResinTrap,685,29,5041,2454
ResinTrap,685,9,7308,2077
ResinTrap,685,7,2332,2680
ResinTrap,686,27,3846,2293
ResinTrap,687,62,5050,2114
ResinTrap,687,27,2281,2680
ResinTrap,687,20,2385,2894
ResinTrap,687,7,3844,2296
ResinTrap,687,7,2431,2954
ResinTrap,688,10,5196,2289
ResinTrap,688,7,4090,2528
ResinTrap,689,1918,4057,2521
ResinTrap,689,13,2327,2678
ResinTrap,689,7,1537,2640
ResinTrap,690,38,2421,3160
ResinTrap,690,28,2090,2216
ResinTrap,690,20,2584,3085
ResinTrap,690,17,4287,2094
ResinTrap,692,45,5012,2455
ResinTrap,692,28,4841,2679
ResinTrap,693,36,2195,2919
ResinTrap,693,7,7148,1980
ResinTrap,694,17,7147,1980
ResinTrap,694,7,2276,2680
ResinTrap,695,61,2571,3324
ResinTrap,695,60,4671,2078
ResinTrap,695,7,7146,1987
ResinTrap,696,31,1474,2892
ResinTrap,696,18,5015,2489
ResinTrap,696,7,7145,1990
ResinTrap,697,7,7144,1994
ResinTrap,697,7,5057,2132
ResinTrap,698,7,5055,2129
ResinTrap,698,7,6699,2635
ResinTrap,699,77,2246,2874
ResinTrap,699,46,5025,2160
ResinTrap,699,12,2412,3107
ResinTrap,699,7,5026,2088
ResinTrap,699,7,4091,2722
ResinTrap,699,7,4323,2118
ResinTrap,700,38,7141,2000
ResinTrap,700,28,2230,2897
ResinTrap,700,10,2333,2708
ResinTrap,700,7,2335,2705
ResinTrap,701,63,2230,2893
ResinTrap,701,20,5018,2144
ResinTrap,701,12,2576,3333
ResinTrap,701,7,5024,2451
ResinTrap,702,10,7140,2009
ResinTrap,702,10,2253,2874
ResinTrap,703,17,4991,2131
ResinTrap,703,7,5044,1707
ResinTrap,703,7,5039,1708
ResinTrap,704,51,4633,2850
ResinTrap,704,13,4113,2693
ResinTrap,704,13,1420,2972
ResinTrap,704,7,5021,2155
ResinTrap,704,7,5019,2152
ResinTrap,705,43,5031,2525
ResinTrap,705,16,7162,1955
ResinTrap,705,13,5044,2434
ResinTrap,705,7,2396,3136
ResinTrap,706,41,5042,2513
ResinTrap,706,28,1623,2435
ResinTrap,706,7,6731,2687
ResinTrap,707,10,2400,3135
ResinTrap,707,7,4642,2854
ResinTrap,707,7,4979,2473
ResinTrap,707,7,4044,2707
ResinTrap,707,7,1448,2891
ResinTrap,708,43,4035,2704
ResinTrap,708,20,4050,2707
ResinTrap,708,9,4188,2651
ResinTrap,709,2001,4018,2677
ResinTrap,710,7,4117,2689
ResinTrap,710,7,4978,2476
ResinTrap,711,42,2295,2701
ResinTrap,711,30,5029,2127
ResinTrap,711,23,5049,2513
ResinTrap,712,76,1406,2878
ResinTrap,712,7,6724,2924
ResinTrap,712,7,6737,2956
ResinTrap,713,7,7158,1967
ResinTrap,713,7,5036,2523
ResinTrap,713,7,2246,2879
ResinTrap,713,7,5038,2520
ResinTrap,714,67,1416,2898
ResinTrap,714,18,6785,2525
ResinTrap,714,7,6726,2915
ResinTrap,715,923,4010,2584
ResinTrap,715,85,2292,2701
ResinTrap,715,28,7286,1943
ResinTrap,715,25,2239,2242
ResinTrap,715,7,7134,2022
ResinTrap,716,58,7166,3165
ResinTrap,716,14,1517,2643
ResinTrap,716,7,5054,2515
ResinTrap,717,31,7274,1964
ResinTrap,718,60,2211,2880
ResinTrap,718,30,1411,2867
ResinTrap,718,23,4063,2701
ResinTrap,718,17,4056,2700
ResinTrap,718,13,2227,2914
ResinTrap,719,39,7131,2032
ResinTrap,719,30,7547,2159
ResinTrap,719,18,5011,2187
ResinTrap,719,17,7211,1938
ResinTrap,719,10,5058,2517
ResinTrap,719,10,7199,2331
ResinTrap,719,7,6842,2523
ResinTrap,719,7,5013,2185
ResinTrap,720,28,7506,2204
ResinTrap,720,13,7544,2157
ResinTrap,720,10,2407,2936
ResinTrap,720,7,7239,1941
ResinTrap,720,7,1447,2877
ResinTrap,721,12,4722,1761
ResinTrap,721,7,4388,2702
ResinTrap,722,72,2200,2882
ResinTrap,723,41,5059,2450
ResinTrap,723,7,5029,2181
ResinTrap,724,63,7152,2296
ResinTrap,724,47,5068,2478
ResinTrap,724,33,6449,2959
ResinTrap,724,17,7132,2020
ResinTrap,724,7,6448,2964
ResinTrap,724,7,6651,2972
ResinTrap,725,10,5030,2183
ResinTrap,725,7,7175,2314
ResinTrap,726,17,4751,1778
ResinTrap,726,7,7144,2294
ResinTrap,726,7,2231,2902
ResinTrap,727,56,2241,2843
ResinTrap,727,20,5085,2059
ResinTrap,727,16,7158,2009
ResinTrap,727,12,7180,1984
ResinTrap,727,12,7173,1990
ResinTrap,727,10,4346,2085
ResinTrap,727,7,7282,2021
ResinTrap,728,10,7233,1951
ResinTrap,728,7,7215,1971
ResinTrap,729,40,4785,2640
ResinTrap,729,32,5235,2277
ResinTrap,729,26,5032,2477
ResinTrap,730,101,4390,2588
ResinTrap,730,22,7130,2290
ResinTrap,730,7,4978,2068
ResinTrap,730,7,7169,3152
ResinTrap,731,23,7151,3170
ResinTrap,731,10,1431,2980
ResinTrap,731,7,6710,2957
ResinTrap,731,7,6704,2942
ResinTrap,731,7,2474,2671
ResinTrap,732,17,7167,3155
ResinTrap,733,70,5213,2278
ResinTrap,733,7,2473,2671
ResinTrap,734,10,7105,2064
ResinTrap,734,7,4803,2641
ResinTrap,734,7,6705,2924
ResinTrap,735,68,7502,2193
ResinTrap,735,7,7252,2020
ResinTrap,735,7,7316,2061
ResinTrap,736,74,4598,2825
ResinTrap,736,60,4800,2639
ResinTrap,736,18,1065,2747
ResinTrap,736,17,3569,1902
ResinTrap,736,7,1065,2750
ResinTrap,737,53,7109,2342
ResinTrap,737,27,7113,2283
ResinTrap,737,18,7117,2291
ResinTrap,737,7,7245,2016
ResinTrap,737,7,5074,2441
ResinTrap,738,13,5063,2481
ResinTrap,738,7,7241,2014
ResinTrap,738,7,7168,3069
ResinTrap,739,27,7167,3069
ResinTrap,739,20,7228,2010
ResinTrap,739,20,4861,1538
ResinTrap,739,13,5071,2441
ResinTrap,739,7,7224,2009
ResinTrap,740,64,2213,2840
ResinTrap,740,40,7131,2334
ResinTrap,740,32,1405,2955
ResinTrap,740,17,1632,2481
ResinTrap,740,10,7201,2003
ResinTrap,740,10,7206,2004
ResinTrap,740,7,4389,2712
ResinTrap,741,19,7077,2280
ResinTrap,742,14,4872,1856
ResinTrap,742,10,7126,2340
ResinTrap,742,7,1659,2825
ResinTrap,743,7,1401,2840
ResinTrap,743,7,6723,2907
ResinTrap,744,15,7119,2332
ResinTrap,744,12,6860,2541
ResinTrap,745,18,5034,2557
ResinTrap,745,13,7113,2327
ResinTrap,745,7,1479,2940
ResinTrap,746,18,5026,2506
ResinTrap,746,9,6780,2743
ResinTrap,746,7,2211,2836
ResinTrap,746,7,2194,2885
ResinTrap,747,7,1480,2941
ResinTrap,748,119,7282,2067
ResinTrap,748,7,7110,2333
ResinTrap,748,7,7033,2306
ResinTrap,748,7,4598,2798
ResinTrap,748,7,2193,2887
ResinTrap,749,77,4157,2688
ResinTrap,749,62,1422,2910
ResinTrap,750,52,4595,2795
ResinTrap,750,12,2184,2864
ResinTrap,750,7,7549,2150
ResinTrap,751,28,5202,2267
ResinTrap,751,20,4359,1502
ResinTrap,751,7,6762,2949
ResinTrap,753,28,4511,1686
ResinTrap,753,22,6818,2568
ResinTrap,753,17,6758,2925
ResinTrap,753,7,3863,2181
ResinTrap,753,7,4599,2793
ResinTrap,753,7,6683,2937
ResinTrap,753,7,5259,2083
ResinTrap,753,7,4602,2791
ResinTrap,753,7,1419,2905
ResinTrap,753,7,6761,2933
ResinTrap,754,23,4343,2077
ResinTrap,754,22,6667,2979
ResinTrap,755,13,5260,2085
ResinTrap,755,7,4496,1685
ResinTrap,756,23,1407,2970
ResinTrap,756,18,4698,1784
ResinTrap,756,17,5060,1728
ResinTrap,757,157,2002,2547
ResinTrap,757,10,1966,2480
ResinTrap,757,7,2214,2845
ResinTrap,757,7,2270,2889
ResinTrap,758,7,3864,2179
ResinTrap,758,7,2251,2943
ResinTrap,758,7,2383,2380
ResinTrap,760,37,1429,2913
ResinTrap,760,7,7086,2316
ResinTrap,760,7,3864,2178
ResinTrap,760,7,6774,2724
ResinTrap,760,7,6777,2729
ResinTrap,761,24,6865,2552
ResinTrap,761,13,2526,3354
ResinTrap,762,62,7105,2039
ResinTrap,762,12,4483,1654
ResinTrap,763,52,7465,2155
ResinTrap,763,7,2381,2381
ResinTrap,763,7,7199,3173
ResinTrap,764,13,1099,2782
ResinTrap,764,7,2385,2382
ResinTrap,764,7,4062,2562
ResinTrap,765,22,4073,2536
ResinTrap,766,7,1387,2901
ResinTrap,766,7,1390,2899
ResinTrap,766,7,2052,2263
ResinTrap,767,31,6828,2544
ResinTrap,767,17,1618,2472
ResinTrap,767,10,3849,2212
ResinTrap,768,7,2053,2263
ResinTrap,769,7,1594,2486
ResinTrap,769,7,1604,2481
ResinTrap,771,7,4921,1898
ResinTrap,772,20,1840,2982
ResinTrap,772,7,4801,2649
ResinTrap,772,7,6648,2962
ResinTrap,772,7,2460,3005
ResinTrap,773,7,5215,2271
ResinTrap,773,7,6735,2929
ResinTrap,773,7,6742,2947
ResinTrap,773,7,6648,2958
ResinTrap,774,37,4228,2393
ResinTrap,774,23,5043,2479
ResinTrap,775,30,5068,2454
ResinTrap,776,13,5232,2254
ResinTrap,776,10,2386,2740
ResinTrap,779,7,4714,1714
ResinTrap,780,74,4786,2595
ResinTrap,781,12,1092,2747
ResinTrap,781,7,1095,2743
ResinTrap,782,7,4921,1876
ResinTrap,783,7,1424,2873
ResinTrap,785,97,2059,2590
ResinTrap,785,17,4749,2644
ResinTrap,785,13,4302,2641
ResinTrap,785,10,6656,2925
ResinTrap,785,10,4137,2659
ResinTrap,785,7,1425,2872
ResinTrap,785,7,1085,2752
ResinTrap,785,7,1082,2754
ResinTrap,786,32,4274,2386
ResinTrap,786,7,4098,2639
ResinTrap,786,7,6801,2600
ResinTrap,787,20,4919,1865
ResinTrap,787,7,2059,2267
ResinTrap,789,17,2230,2809
ResinTrap,789,17,1428,2869
ResinTrap,789,7,1624,2867
ResinTrap,789,7,2234,2809
ResinTrap,789,7,4565,2770
ResinTrap,790,70,7176,2030
ResinTrap,790,7,4677,1692
ResinTrap,791,20,7205,2035
ResinTrap,791,17,4421,2077
ResinTrap,791,7,4742,2596
ResinTrap,792,27,7163,2036
ResinTrap,792,10,7171,2035
ResinTrap,793,13,4917,1857
ResinTrap,794,28,6636,2950
ResinTrap,794,7,4663,1685
ResinTrap,795,7,4655,1682
ResinTrap,795,7,2098,2591
ResinTrap,795,7,4558,2765
ResinTrap,796,13,4916,1853
ResinTrap,797,10,4779,2598
ResinTrap,797,7,7152,2052
ResinTrap,798,7,7150,2055
ResinTrap,798,7,6648,2938
ResinTrap,800,17,4573,1662
ResinTrap,800,14,4714,1899
ResinTrap,800,13,4563,1661
ResinTrap,800,13,4583,1663
ResinTrap,800,10,4607,1667
ResinTrap,800,7,4603,1666
ResinTrap,800,7,4591,1664
ResinTrap,800,7,4597,1665
ResinTrap,801,80,4895,1822
ResinTrap,801,58,1425,2956
ResinTrap,801,16,4393,2616
ResinTrap,801,12,4367,2610
ResinTrap,801,7,4615,1668
ResinTrap,801,7,4913,1845
ResinTrap,802,7,4621,1669
ResinTrap,803,43,1429,2951
ResinTrap,803,25,4640,2778
ResinTrap,803,18,7316,2286
ResinTrap,803,7,4910,1839
ResinTrap,803,7,4643,2782
ResinTrap,803,7,2310,2712
ResinTrap,804,44,6877,2590
ResinTrap,804,7,4907,1834
ResinTrap,804,7,4622,1668
ResinTrap,804,7,2324,2714
ResinTrap,806,31,1629,2533
ResinTrap,806,13,2318,2715
ResinTrap,806,7,4622,1667
ResinTrap,807,27,4662,1678
ResinTrap,807,17,4671,1681
ResinTrap,808,34,6755,3059
ResinTrap,808,7,4622,1666
ResinTrap,808,7,6831,2753
ResinTrap,808,7,4941,2221
ResinTrap,809,505,6822,2724
ResinTrap,810,76,1398,2925
ResinTrap,810,33,6648,2931
ResinTrap,810,13,4620,1664
ResinTrap,810,10,4697,1689
ResinTrap,810,7,4701,1690
ResinTrap,811,13,1398,2930
ResinTrap,811,7,7025,2276
ResinTrap,811,7,4710,1693
ResinTrap,812,50,6616,2961
ResinTrap,812,10,1918,2403
ResinTrap,812,7,1408,2919
ResinTrap,813,7,4936,2225
ResinTrap,814,18,1405,2922
ResinTrap,814,13,6699,2955
ResinTrap,814,12,6620,2958
ResinTrap,814,7,4195,2449
ResinTrap,814,7,4617,1662
ResinTrap,814,7,6696,2947
ResinTrap,814,7,5263,2306
ResinTrap,815,7,4639,1677
ResinTrap,815,7,6615,2975
ResinTrap,815,7,4933,2227
ResinTrap,816,9,4637,1680
ResinTrap,816,7,7056,2259
ResinTrap,817,10,4614,1660
ResinTrap,817,7,7130,2801
ResinTrap,818,10,2307,2632
ResinTrap,818,7,2283,2684
ResinTrap,819,13,6749,3071
ResinTrap,819,13,4608,1657
ResinTrap,819,7,5022,1870
ResinTrap,819,7,4745,1708
ResinTrap,819,7,7127,2801
ResinTrap,821,7,2359,2639
ResinTrap,821,7,7000,3118
ResinTrap,821,7,1417,2964
ResinTrap,822,17,4605,1655
ResinTrap,822,7,1411,2966
ResinTrap,822,7,7465,2273
ResinTrap,823,7,4531,2812
ResinTrap,824,7,7117,2800
ResinTrap,827,28,4719,2093
ResinTrap,827,13,7457,2277
ResinTrap,827,7,4599,1652
ResinTrap,827,7,7456,2239
ResinTrap,828,23,4625,1795
ResinTrap,828,17,4275,2433
ResinTrap,828,7,4735,2317
ResinTrap,828,7,4634,1801
ResinTrap,829,18,4777,1722
ResinTrap,829,7,2355,2631
ResinTrap,830,14,4841,1774
ResinTrap,831,15,4266,2597
ResinTrap,831,7,7091,2157
ResinTrap,832,13,4752,2562
ResinTrap,832,12,7111,2127
ResinTrap,832,9,6681,2985
ResinTrap,833,21,4889,1785
ResinTrap,834,13,5306,2077
ResinTrap,834,7,6673,2951
ResinTrap,834,7,4957,1830
ResinTrap,834,7,6674,2954
ResinTrap,834,7,6779,2976
ResinTrap,835,15,4647,1786
ResinTrap,836,40,5052,2503
ResinTrap,836,15,7255,2159
ResinTrap,836,7,4580,1645
ResinTrap,836,7,7450,2168
ResinTrap,837,20,4387,2718
ResinTrap,837,12,4483,1725
ResinTrap,838,13,1806,2954
ResinTrap,838,7,7449,2168
ResinTrap,839,25,6652,3042
ResinTrap,839,13,6660,3045
ResinTrap,839,7,6649,3041
ResinTrap,839,7,6725,3063
ResinTrap,840,25,1904,2423
ResinTrap,840,18,2312,2735
ResinTrap,840,7,2314,2741
ResinTrap,841,12,6217,3165
ResinTrap,841,12,4368,2582
ResinTrap,841,12,1413,2779
ResinTrap,841,7,4724,1888
ResinTrap,844,7,1432,3112
ResinTrap,846,13,6940,2973
ResinTrap,846,7,1577,2632
ResinTrap,846,7,4838,1600
ResinTrap,847,12,4507,2774
ResinTrap,847,7,5081,2050
ResinTrap,850,18,6806,2994
ResinTrap,850,10,7062,2252
ResinTrap,850,7,7439,2173
ResinTrap,851,7,1553,2924
ResinTrap,852,20,4920,1806
ResinTrap,852,18,7388,2963
ResinTrap,852,17,1548,2923
ResinTrap,852,10,4809,1826
ResinTrap,852,10,4631,1705
ResinTrap,852,9,7053,2249
ResinTrap,852,7,6580,2994
ResinTrap,852,7,6585,3007
ResinTrap,853,13,2159,2440
ResinTrap,853,10,4629,1711
ResinTrap,853,10,7209,3139
ResinTrap,853,7,4628,1715
ResinTrap,853,7,5432,2095
ResinTrap,854,12,4747,1781
ResinTrap,854,7,6651,2958
ResinTrap,855,25,4833,1834
ResinTrap,855,7,4593,2765
ResinTrap,857,10,7392,2955
ResinTrap,858,13,6234,3178
ResinTrap,858,7,6585,2965
ResinTrap,858,7,4791,1791
ResinTrap,858,7,5428,2303
ResinTrap,859,18,4850,2658
ResinTrap,859,7,6240,3180
ResinTrap,860,47,6654,2982
ResinTrap,860,7,6778,3015
ResinTrap,860,7,4529,2837
ResinTrap,860,7,7364,2973
ResinTrap,861,18,4793,1832
ResinTrap,861,10,1632,3095
ResinTrap,861,10,6041,3181
ResinTrap,861,10,4859,2656
ResinTrap,861,7,6651,2996
ResinTrap,862,31,6625,2954
ResinTrap,862,22,7402,2939
ResinTrap,862,10,7246,2222
ResinTrap,863,17,1618,3134
ResinTrap,863,10,1259,2953
ResinTrap,863,7,1615,3132
ResinTrap,863,7,7402,2976
ResinTrap,863,7,1231,2731
ResinTrap,864,30,4961,2325
ResinTrap,864,18,7408,2931
ResinTrap,864,7,4543,1709
ResinTrap,865,18,1817,3091
ResinTrap,865,16,6416,2983
ResinTrap,865,7,4544,1706
ResinTrap,865,7,6421,2981
ResinTrap,866,12,5102,2066
ResinTrap,866,7,4468,2507
ResinTrap,867,38,7568,2356
ResinTrap,867,25,1246,2932
ResinTrap,867,7,1608,3108
ResinTrap,867,7,4546,1702
ResinTrap,867,7,6053,3111
ResinTrap,868,7,2542,3474
ResinTrap,868,7,6413,2992
ResinTrap,869,38,1642,3104
ResinTrap,869,32,5421,2285
ResinTrap,869,26,6075,3141
ResinTrap,869,12,1469,3126
ResinTrap,869,10,6412,2995
ResinTrap,869,7,2072,2327
ResinTrap,870,105,5056,2090
ResinTrap,870,34,1824,3119
ResinTrap,870,7,4527,2834
ResinTrap,871,13,1893,2443
ResinTrap,871,7,6081,3138
ResinTrap,871,7,4882,2683
ResinTrap,872,45,1844,3080
ResinTrap,872,19,7260,2236
ResinTrap,872,13,6560,3006
ResinTrap,872,12,1645,3116
ResinTrap,872,7,4552,1686
ResinTrap,872,7,6562,3011
ResinTrap,874,30,1435,3144
ResinTrap,874,13,5066,2338
ResinTrap,874,9,1673,2877
ResinTrap,874,7,1573,2884
ResinTrap,874,7,6629,2965
ResinTrap,875,28,6058,3141
ResinTrap,875,13,6635,2973
ResinTrap,875,9,6558,2983
ResinTrap,875,7,6640,2985
ResinTrap,875,7,5424,2277
ResinTrap,875,7,6577,3028
ResinTrap,875,7,1851,3066
ResinTrap,877,7,7082,2876
ResinTrap,878,13,7564,2371
ResinTrap,878,12,2012,2754
ResinTrap,878,7,6587,3032
ResinTrap,878,7,2016,3081
ResinTrap,878,7,1836,3148
ResinTrap,878,7,1834,3151
ResinTrap,878,7,1257,2945
ResinTrap,879,32,1432,2985
ResinTrap,880,17,2000,2763
ResinTrap,881,22,1994,2767
ResinTrap,881,7,4772,2591
ResinTrap,881,7,7206,3177
ResinTrap,882,12,2120,2487
ResinTrap,883,23,1468,2972
ResinTrap,883,20,1717,2450
ResinTrap,883,7,2126,2489
ResinTrap,883,7,1805,3126
ResinTrap,883,7,4772,2590
ResinTrap,884,23,5391,2313
ResinTrap,885,24,1290,2954
ResinTrap,885,7,4772,2589
ResinTrap,886,23,6092,3156
ResinTrap,886,20,7582,2350
ResinTrap,886,20,1263,2601
ResinTrap,886,13,4593,1597
ResinTrap,886,7,4626,2039
ResinTrap,887,20,2258,2738
ResinTrap,887,14,7053,2850
ResinTrap,887,7,5225,2445
ResinTrap,887,7,1809,3124
ResinTrap,888,7,1814,3056
ResinTrap,888,7,7245,3166
ResinTrap,889,25,4679,2406
ResinTrap,889,22,1847,3111
ResinTrap,889,10,1819,3098
ResinTrap,889,7,1820,3103
ResinTrap,889,7,4760,1674
ResinTrap,889,7,4884,1859
ResinTrap,889,7,7546,2382
ResinTrap,889,7,7549,2380
ResinTrap,890,7,4604,2044
ResinTrap,890,7,1841,3114
ResinTrap,891,7,2134,2510
ResinTrap,891,7,7052,2861
ResinTrap,892,7,2552,3271
ResinTrap,892,7,7030,2848
ResinTrap,893,23,1446,3077
ResinTrap,893,7,1274,2915
ResinTrap,894,7,6607,2972
ResinTrap,895,7,6612,2977
ResinTrap,896,53,2336,2664
ResinTrap,896,34,5139,2110
ResinTrap,896,18,6882,3131
ResinTrap,896,7,4571,2054
ResinTrap,897,20,2174,3093
ResinTrap,897,7,4563,2057
ResinTrap,897,7,1139,2778
ResinTrap,898,23,1310,2965
ResinTrap,898,9,4959,1766
ResinTrap,898,7,6388,2988
ResinTrap,898,7,1675,3087
ResinTrap,899,20,1834,3137
ResinTrap,899,18,1634,3126
ResinTrap,900,7,5388,2277
ResinTrap,900,7,2242,2748
ResinTrap,900,7,1674,3087
ResinTrap,901,37,1415,2781
ResinTrap,901,22,1306,2942
ResinTrap,901,22,7569,2388
ResinTrap,902,14,4951,1754
ResinTrap,902,7,5385,2276
ResinTrap,902,7,4880,1863
ResinTrap,902,7,1597,3336
ResinTrap,903,29,7566,2386
ResinTrap,904,347,4906,1990
ResinTrap,905,32,7401,2881
ResinTrap,905,14,1956,2395
ResinTrap,905,7,7404,2886
ResinTrap,906,7,1601,3334
ResinTrap,907,47,1885,2471
ResinTrap,907,30,7570,2394
ResinTrap,908,7,4403,2307
ResinTrap,909,7,4397,2328
ResinTrap,910,7,4395,2343
ResinTrap,910,7,7440,2973
ResinTrap,911,14,4880,1965
ResinTrap,912,7,2084,2463
ResinTrap,913,63,5128,2104
ResinTrap,914,12,1874,2460
ResinTrap,914,10,4397,2408
ResinTrap,914,7,6883,2704
ResinTrap,915,15,4861,1972
ResinTrap,915,7,1234,2987
ResinTrap,916,431,4869,1963
ResinTrap,916,7,2009,2395
ResinTrap,917,17,2089,2460
ResinTrap,917,7,6941,2818
ResinTrap,918,7,6888,2727
ResinTrap,919,27,6921,2792
ResinTrap,919,7,6891,2736
ResinTrap,919,7,7404,2855
ResinTrap,920,7,5047,2478
ResinTrap,920,7,1881,3103
ResinTrap,920,7,4319,2692
ResinTrap,922,23,1617,2818
ResinTrap,924,7,4859,1974
ResinTrap,924,7,6882,2785
ResinTrap,924,7,4437,2337
ResinTrap,925,27,4869,1968
ResinTrap,925,12,2194,2851
ResinTrap,925,10,4866,1971
ResinTrap,925,7,4871,1970
ResinTrap,925,7,1611,2805
ResinTrap,925,7,2080,2471
ResinTrap,926,12,2193,2846
ResinTrap,926,7,2190,2842
ResinTrap,926,7,1470,3155
ResinTrap,927,10,4322,2690
ResinTrap,927,7,7439,2946
ResinTrap,928,7,1719,3306
ResinTrap,929,28,4290,2663
ResinTrap,930,20,1715,3307
ResinTrap,930,7,7314,2942
ResinTrap,931,13,4246,2648
ResinTrap,931,7,4656,2393
ResinTrap,931,7,7315,2945
ResinTrap,931,7,7274,2408
ResinTrap,931,7,1524,3091
ResinTrap,932,13,7262,2388
ResinTrap,932,7,7260,2385
ResinTrap,932,7,7554,2546
ResinTrap,933,7,4502,2268
ResinTrap,934,13,1882,3130
ResinTrap,934,7,1879,3124
ResinTrap,934,7,4497,2820
ResinTrap,935,35,4338,2682
ResinTrap,935,7,4267,2641
ResinTrap,936,37,6076,3170
ResinTrap,936,17,4232,2615
ResinTrap,936,7,7032,3155
ResinTrap,936,7,2094,2618
ResinTrap,937,7,1881,3126
ResinTrap,937,7,4645,2387
ResinTrap,938,7,2103,2592
ResinTrap,941,66,4230,2614
ResinTrap,941,36,5041,2535
ResinTrap,942,40,5092,2092
ResinTrap,942,18,5091,2093
ResinTrap,943,7,4301,2581
ResinTrap,945,7,4815,1794
ResinTrap,945,7,4549,2665
ResinTrap,947,7,4613,2368
ResinTrap,948,18,2282,2910
ResinTrap,948,7,7136,2100
ResinTrap,948,7,1622,2602
ResinTrap,949,38,4298,2679
ResinTrap,949,21,4282,2560
ResinTrap,949,14,2299,2893
ResinTrap,950,17,7295,2023
ResinTrap,950,10,4314,2697
ResinTrap,950,7,1645,3169
ResinTrap,951,22,2160,2849
ResinTrap,951,7,4596,2356
ResinTrap,951,7,7304,2027
ResinTrap,952,25,4287,2564
ResinTrap,952,7,4303,2682
ResinTrap,954,63,2503,3015
ResinTrap,954,23,4568,2336
ResinTrap,954,17,4559,2329
ResinTrap,954,12,4564,2333
ResinTrap,955,32,4237,2615
ResinTrap,955,7,1573,2739
ResinTrap,956,7,1738,3346
ResinTrap,957,10,1575,2714
ResinTrap,958,17,1586,2665
ResinTrap,958,7,1588,2662
ResinTrap,958,7,1968,2488
ResinTrap,959,7,4437,2615
ResinTrap,960,7,7197,2074
ResinTrap,961,10,7199,2085
ResinTrap,962,7,1792,2555
ResinTrap,962,7,1943,2781
ResinTrap,963,37,1792,2547
ResinTrap,965,13,7519,2620
ResinTrap,965,13,7234,2060
ResinTrap,965,7,7377,2292
ResinTrap,966,10,1853,2476
ResinTrap,966,7,1849,2477
ResinTrap,967,58,6056,3161
ResinTrap,969,23,1939,3114
ResinTrap,970,7,4940,2599
ResinTrap,970,7,7150,2061
ResinTrap,970,7,7582,2386
ResinTrap,971,13,4302,2721
ResinTrap,971,13,7575,2389
ResinTrap,971,7,7142,2049
ResinTrap,973,17,7252,1880
ResinTrap,973,7,7580,2387
ResinTrap,974,23,7232,1880
ResinTrap,975,13,5114,2125
ResinTrap,975,7,5115,2122
ResinTrap,975,7,5234,2488
ResinTrap,976,10,5117,2115
ResinTrap,976,7,7578,2388
ResinTrap,977,7,1784,2541
ResinTrap,978,32,1214,2715
ResinTrap,979,17,1573,2847
ResinTrap,981,16,2237,2921
ResinTrap,981,14,1937,2758
ResinTrap,981,7,7369,2866
ResinTrap,983,20,5122,2090
ResinTrap,983,17,5124,2076
ResinTrap,983,10,5123,2084
ResinTrap,985,17,4835,2486
ResinTrap,986,9,4838,2483
ResinTrap,987,13,1174,2599
ResinTrap,987,7,4463,2708
ResinTrap,988,27,4518,2719
ResinTrap,988,27,4467,2708
ResinTrap,990,82,7494,2596
ResinTrap,990,38,7197,2584
ResinTrap,991,10,4486,2710
ResinTrap,991,7,4482,2709
ResinTrap,991,7,7194,2593
ResinTrap,991,7,7275,2215
ResinTrap,992,55,6257,3171
ResinTrap,992,32,7111,2084
ResinTrap,992,10,4497,2712
ResinTrap,992,7,4493,2711
ResinTrap,993,24,2247,2725
ResinTrap,995,7,7387,2169
ResinTrap,995,7,7391,2260
ResinTrap,997,7,7172,2033
ResinTrap,998,7,5076,1896
ResinTrap,998,7,7256,3123
ResinTrap,998,7,6063,3169
ResinTrap,999,13,7228,2829
ResinTrap,1001,7,5111,2222
ResinTrap,1002,12,7143,2046
ResinTrap,1004,7,2367,2615
ResinTrap,1005,7,5110,2237
ResinTrap,1007,13,2211,2772
ResinTrap,1007,7,2207,2773
ResinTrap,1008,17,7271,2068
ResinTrap,1008,10,5111,2245
ResinTrap,1011,7,4457,2577
ResinTrap,1012,17,2287,2772
ResinTrap,1012,13,4400,2707
ResinTrap,1012,7,5112,2258
ResinTrap,1015,59,7050,2111
ResinTrap,1016,13,1271,2861
ResinTrap,1017,13,1273,2867
ResinTrap,1018,13,7238,2608
ResinTrap,1020,13,4776,1908
ResinTrap,1021,32,1457,3150
ResinTrap,1023,13,1915,2696
ResinTrap,1023,9,7371,2277
ResinTrap,1023,7,1763,2969
ResinTrap,1024,20,7377,2288
ResinTrap,1026,10,7131,2524
ResinTrap,1026,7,7151,2529
ResinTrap,1026,7,1173,2697
ResinTrap,1027,13,1173,2694
ResinTrap,1027,7,5453,1992
ResinTrap,1028,7,5434,2001
ResinTrap,1030,9,7341,2238
ResinTrap,1030,7,4648,2571
ResinTrap,1030,7,1902,2669
ResinTrap,1031,7,1897,2661
ResinTrap,1031,7,4938,1881
ResinTrap,1032,34,2207,2787
ResinTrap,1032,17,5130,2077
ResinTrap,1032,7,4923,1883
ResinTrap,1033,13,7487,2597
ResinTrap,1033,10,5132,2084
ResinTrap,1033,7,4905,1886
ResinTrap,1033,7,2195,2271
ResinTrap,1034,23,6276,3174
ResinTrap,1034,13,5134,2093
ResinTrap,1034,10,2266,2817
ResinTrap,1034,7,4891,1889
ResinTrap,1035,7,4880,1892
ResinTrap,1036,7,4869,1895
ResinTrap,1036,7,2261,2808
ResinTrap,1036,7,1890,2629
ResinTrap,1037,39,4658,2575
ResinTrap,1037,10,4859,1898
ResinTrap,1037,7,4856,1899
ResinTrap,1037,7,1276,2843
ResinTrap,1038,20,4829,1906
ResinTrap,1038,10,4836,1905
ResinTrap,1038,7,7463,2592
ResinTrap,1039,23,7460,2590
ResinTrap,1039,17,7385,2170
ResinTrap,1039,7,7233,2249
ResinTrap,1039,7,6260,3165
ResinTrap,1040,31,7388,2174
ResinTrap,1040,18,1298,2800
ResinTrap,1040,12,1312,2792
ResinTrap,1040,7,6258,3159
ResinTrap,1041,9,1280,2827
ResinTrap,1041,7,4668,2589
ResinTrap,1041,7,4666,2601
ResinTrap,1043,7,2233,2856
ResinTrap,1045,34,1456,2860
ResinTrap,1045,23,7292,3098
ResinTrap,1045,13,2232,2849
ResinTrap,1045,9,2288,2434
ResinTrap,1045,7,2224,2816
ResinTrap,1046,10,2225,2819
ResinTrap,1046,10,2230,2840
ResinTrap,1047,18,1283,2693
ResinTrap,1047,10,2227,2827
ResinTrap,1047,10,2226,2823
ResinTrap,1047,7,2228,2832
ResinTrap,1049,30,1454,2858
ResinTrap,1049,28,6855,2990
ResinTrap,1050,30,1253,2811
ResinTrap,1050,9,7222,2150
ResinTrap,1050,7,7227,2146
ResinTrap,1051,12,7193,2175
ResinTrap,1051,7,7214,2157
ResinTrap,1052,21,7276,3092
ResinTrap,1053,13,1969,3119
ResinTrap,1054,12,2138,2181
ResinTrap,1054,12,2194,2262
ResinTrap,1055,38,4775,2468
ResinTrap,1059,10,7035,2558
ResinTrap,1061,18,4634,2654
ResinTrap,1062,20,5137,2068
ResinTrap,1062,9,7323,2190
ResinTrap,1062,7,7308,2007
ResinTrap,1063,24,1645,3476
ResinTrap,1063,7,2026,2911
ResinTrap,1064,27,1621,3493
ResinTrap,1064,18,2293,2504
ResinTrap,1064,7,4960,2021
ResinTrap,1064,7,7467,2561
ResinTrap,1065,23,7470,2562
ResinTrap,1065,12,1626,3487
ResinTrap,1065,12,6055,3142
ResinTrap,1066,13,1117,2585
ResinTrap,1066,10,4953,2022
ResinTrap,1067,7,4948,2023
ResinTrap,1069,24,1606,3498
ResinTrap,1069,7,4942,2024
ResinTrap,1069,7,1667,3499
ResinTrap,1070,17,5147,2061
ResinTrap,1070,7,7220,2005
ResinTrap,1070,7,2225,2840
ResinTrap,1071,10,4935,2025
ResinTrap,1071,7,7221,1998
ResinTrap,1072,23,1993,2897
ResinTrap,1072,13,6058,3328
ResinTrap,1072,7,1633,3481
ResinTrap,1073,26,7234,2278
ResinTrap,1073,13,1993,2891
ResinTrap,1073,7,4929,2026
ResinTrap,1074,9,7554,2218
ResinTrap,1075,7,6351,3065
ResinTrap,1076,7,5095,2345
ResinTrap,1077,13,1600,3503
ResinTrap,1077,7,5092,2351
ResinTrap,1078,17,5086,2361
ResinTrap,1078,13,5088,2357
ResinTrap,1079,13,4895,2030
ResinTrap,1079,13,1986,2895
ResinTrap,1080,10,4791,2052
ResinTrap,1080,7,2289,2661
ResinTrap,1080,7,1983,2892
ResinTrap,1080,7,1660,3483
ResinTrap,1081,10,4838,2041
ResinTrap,1081,7,4833,2042
ResinTrap,1081,7,4829,2043
ResinTrap,1081,7,2284,2648
ResinTrap,1081,7,4809,2048
ResinTrap,1082,22,1984,2884
ResinTrap,1085,13,1062,2509
ResinTrap,1085,7,1067,2508
ResinTrap,1085,7,7448,2758
ResinTrap,1086,10,1970,2924
ResinTrap,1087,7,1611,3455
ResinTrap,1088,19,2105,2987
ResinTrap,1088,12,1583,3483
ResinTrap,1088,7,1613,3458
ResinTrap,1090,7,1950,3179
ResinTrap,1091,13,4833,2033
ResinTrap,1091,10,4829,2034
ResinTrap,1091,7,4826,2035
ResinTrap,1091,7,4811,2039
ResinTrap,1093,7,6877,3011
ResinTrap,1093,7,1625,3700
ResinTrap,1094,7,6881,3019
ResinTrap,1095,7,6885,3027
ResinTrap,1096,7,5026,2401
ResinTrap,1096,7,7331,2586
ResinTrap,1096,7,7336,2588
ResinTrap,1097,146,4858,2073
ResinTrap,1097,23,1115,2745
ResinTrap,1098,7,1113,2742
ResinTrap,1098,7,4855,2079
ResinTrap,1099,1700,4801,2073
ResinTrap,1099,42,7232,2599
ResinTrap,1099,28,1935,3169
ResinTrap,1100,14192,4929,2198
ResinTrap,1101,13,1996,3135
ResinTrap,1101,7,7064,3193
ResinTrap,1101,7,6059,3107
ResinTrap,1102,67,4949,2261
ResinTrap,1102,13,4961,2267
ResinTrap,1102,7,5106,2252
ResinTrap,1102,7,1230,2703
ResinTrap,1103,17,1211,2686
ResinTrap,1103,7,5099,2256
ResinTrap,1104,27,5084,2259
ResinTrap,1104,7,1997,3135
ResinTrap,1104,7,7052,3191
ResinTrap,1105,2015,4885,2344
ResinTrap,1105,7,7047,3190
ResinTrap,1106,28,7318,2612
ResinTrap,1106,7,1073,2530
ResinTrap,1107,7,4939,2370
ResinTrap,1107,7,4989,2387
ResinTrap,1107,7,7036,3187
ResinTrap,1108,7,7026,3183
ResinTrap,1109,50,1926,3151
ResinTrap,1109,28,4878,2342
ResinTrap,1109,23,7008,3172
ResinTrap,1109,14,4948,2197
ResinTrap,1109,14,1997,3134
ResinTrap,1109,7,7005,3170
ResinTrap,1110,17,5254,2207
ResinTrap,1110,12,4871,2337
ResinTrap,1110,7,1210,2695
ResinTrap,1111,26342,4772,2180
ResinTrap,1111,122,4768,2200
ResinTrap,1111,13,1212,2698
ResinTrap,1112,24,1212,2745
ResinTrap,1112,19,7480,2736
ResinTrap,1112,13,1496,3680
ResinTrap,1112,7,4994,2377
ResinTrap,1112,7,1492,3681
ResinTrap,1113,7,1997,2849
ResinTrap,1113,7,4979,2374
ResinTrap,1114,7,4843,2317
ResinTrap,1114,7,4952,2367
ResinTrap,1114,7,4884,2342
ResinTrap,1115,17,5036,2014
ResinTrap,1115,7,1635,3704
ResinTrap,1116,7,1531,3159
ResinTrap,1117,7,2006,2855
ResinTrap,1118,7,1638,3705
ResinTrap,1118,7,5048,2265
ResinTrap,1119,216,4862,2271
ResinTrap,1119,9,7294,2608
ResinTrap,1120,10,5035,2263
ResinTrap,1121,57,4987,2240
ResinTrap,1121,13,5001,2250
ResinTrap,1121,13,5021,2259
ResinTrap,1121,13,1624,3508
ResinTrap,1121,13,1917,3144
ResinTrap,1121,10,1528,3155
ResinTrap,1121,7,4958,2189
ResinTrap,1121,7,4827,2309
ResinTrap,1121,7,5011,2255
ResinTrap,1123,23,1526,3151
ResinTrap,1125,37,1524,3147
ResinTrap,1125,7,4856,2315
ResinTrap,1126,17,1913,3140
ResinTrap,1126,12,4737,2218
ResinTrap,1127,12,4715,2445
ResinTrap,1127,10,5134,2055
ResinTrap,1127,10,1905,3098
ResinTrap,1127,9,1663,3501
ResinTrap,1127,7,7278,2597
ResinTrap,1127,7,1904,3093
ResinTrap,1128,40,7257,2587
ResinTrap,1128,7,4802,2298
ResinTrap,1129,80,1516,3139
ResinTrap,1129,14,7340,2328
ResinTrap,1129,12,2195,2852
ResinTrap,1129,7,1905,3106
ResinTrap,1129,7,4808,2300
ResinTrap,1129,7,1911,3136
ResinTrap,1131,27,1905,3113
ResinTrap,1131,17,1909,3134
ResinTrap,1131,7,5171,2057
ResinTrap,1131,7,4822,2305
ResinTrap,1131,7,5167,2056
ResinTrap,1132,53,1906,3125
ResinTrap,1132,7,7478,2725
ResinTrap,1133,20,1905,3120
ResinTrap,1134,73,1513,3144
ResinTrap,1134,10,2186,2894
ResinTrap,1135,7,1616,3716
ResinTrap,1135,7,1614,3722
ResinTrap,1137,7,1615,3718
ResinTrap,1138,7,7452,2514
ResinTrap,1139,10,1663,3509
ResinTrap,1140,12,1398,2804
ResinTrap,1141,40,1905,3131
ResinTrap,1142,10,4697,2305
ResinTrap,1142,10,4699,2317
ResinTrap,1142,7,4698,2312
ResinTrap,1143,40,1906,3139
ResinTrap,1143,7,1057,2571
ResinTrap,1144,7,7116,3103
ResinTrap,1144,7,1398,2816
ResinTrap,1145,7,1397,2821
ResinTrap,1146,40,4903,2294
ResinTrap,1146,13,1360,3085
ResinTrap,1147,22,4893,2287
ResinTrap,1147,7,1393,2834
ResinTrap,1148,19,4818,2463
ResinTrap,1148,12,4888,2284
ResinTrap,1148,7,1392,2838
ResinTrap,1149,24,6944,2919
ResinTrap,1149,13,1903,3131
ResinTrap,1149,10,4896,2494
ResinTrap,1149,7,1390,2845
ResinTrap,1150,16,4878,2276
ResinTrap,1150,7,1388,2851
ResinTrap,1151,10,1386,2858
ResinTrap,1152,7,1383,2868
ResinTrap,1152,7,1094,2547
ResinTrap,1153,23,1746,3149
ResinTrap,1153,13,1073,2556
ResinTrap,1153,12,7030,3024
ResinTrap,1153,7,1379,2882
ResinTrap,1153,7,7346,2367
ResinTrap,1153,7,1742,3151
ResinTrap,1153,7,1690,3164
ResinTrap,1154,77,1690,3159
ResinTrap,1154,23,1729,3154
ResinTrap,1154,17,1721,3156
ResinTrap,1154,12,6982,2966
ResinTrap,1154,10,1376,2893
ResinTrap,1154,7,1375,2897
ResinTrap,1154,7,7026,3020
ResinTrap,1154,7,1717,3158
ResinTrap,1155,43,7016,3009
ResinTrap,1155,17,7002,2991
ResinTrap,1155,17,7009,3000
ResinTrap,1155,12,7013,3005
ResinTrap,1155,12,7006,2996
ResinTrap,1155,10,1372,2908
ResinTrap,1155,7,1371,2912
ResinTrap,1155,7,1370,2916
ResinTrap,1156,17,1356,2996
ResinTrap,1156,10,1366,2933
ResinTrap,1157,13,1362,2956
ResinTrap,1157,10,1359,2976
ResinTrap,1157,7,7414,2376
ResinTrap,1157,7,1360,2970
ResinTrap,1159,7,7350,2347
ResinTrap,1159,7,1114,2580
ResinTrap,1160,23,1698,3167
ResinTrap,1160,7,1109,2582
ResinTrap,1161,33,1096,2584
ResinTrap,1161,7,1094,2589
ResinTrap,1162,7,1141,2612
ResinTrap,1164,23,7431,2430
ResinTrap,1164,12,4844,2242
ResinTrap,1164,10,5119,2361
ResinTrap,1165,7,7468,2478
ResinTrap,1166,13,6022,3296
ResinTrap,1167,10,5039,2343
ResinTrap,1167,7,5024,2337
ResinTrap,1167,7,5043,2344
ResinTrap,1168,18,1642,3659
ResinTrap,1169,20,1108,2671
ResinTrap,1169,10,5076,2519
ResinTrap,1169,7,5072,2518
ResinTrap,1170,26,1888,3109
ResinTrap,1170,20,7286,2991
ResinTrap,1171,5028,6967,2729
ResinTrap,1171,20,6023,3298
ResinTrap,1173,37,6974,2726
ResinTrap,1173,13,1148,2648
ResinTrap,1173,7,7292,2984
ResinTrap,1173,7,1081,2678
ResinTrap,1174,20,7292,2980
ResinTrap,1174,13,1179,2680
ResinTrap,1174,7,1885,3110
ResinTrap,1175,13,1125,2659
ResinTrap,1175,7,1086,2675
ResinTrap,1176,13,7296,2977
ResinTrap,1176,9,1360,3199
ResinTrap,1176,7,1132,2656
ResinTrap,1176,7,5110,2265
ResinTrap,1176,7,1136,2654
ResinTrap,1177,7,1090,2672
ResinTrap,1178,28,7296,2974
ResinTrap,1178,27,7299,2965
ResinTrap,1178,17,7294,2980
ResinTrap,1178,15,1128,2703
ResinTrap,1178,7,7293,2986
ResinTrap,1179,13,7303,2961
ResinTrap,1179,7,1133,2701
ResinTrap,1179,7,1097,2668
ResinTrap,1180,12,1137,2713
ResinTrap,1180,7,7307,2955
ResinTrap,1180,7,1104,2664
ResinTrap,1181,18,6964,2695
ResinTrap,1182,12,1231,2767
ResinTrap,1182,7,7310,2949
ResinTrap,1182,7,1163,2684
ResinTrap,1183,20,1152,2687
ResinTrap,1183,20,1146,2690
ResinTrap,1183,13,1203,2716
ResinTrap,1183,7,1158,2686
ResinTrap,1185,26,7330,2433
ResinTrap,1185,10,1358,3198
ResinTrap,1185,7,1192,2715
ResinTrap,1186,44,1125,2643
ResinTrap,1186,33,1494,2994
ResinTrap,1186,26,7280,2410
ResinTrap,1186,7,2153,2845
ResinTrap,1187,7,1160,2682
ResinTrap,1187,7,1176,2817
ResinTrap,1187,7,1188,2716
ResinTrap,1188,20,1111,2651
ResinTrap,1188,7,1153,2733
ResinTrap,1188,7,1486,2815
ResinTrap,1189,10,1534,2816
ResinTrap,1189,7,1097,2707
ResinTrap,1191,19,1159,2738
ResinTrap,1191,13,1167,2723
ResinTrap,1191,13,1163,2742
ResinTrap,1191,7,1102,2704
ResinTrap,1192,13,1108,2700
ResinTrap,1192,10,1105,2702
ResinTrap,1192,7,1532,2822
ResinTrap,1193,9,7107,2505
ResinTrap,1193,7,1177,2813
ResinTrap,1193,7,1494,2983
ResinTrap,1193,7,1499,3386
ResinTrap,1194,13,1219,2723
ResinTrap,1194,7,1492,3400
ResinTrap,1194,7,1235,2783
ResinTrap,1195,12,7061,2547
ResinTrap,1195,7,1528,2834
ResinTrap,1195,7,7065,2545
ResinTrap,1197,10,1525,2842
ResinTrap,1197,7,1115,2746
ResinTrap,1197,7,1175,2764
ResinTrap,1197,7,1625,2719
ResinTrap,1198,27,1182,2757
ResinTrap,1198,7,1494,2970
ResinTrap,1198,7,1190,2756
ResinTrap,1199,13,1120,2742
ResinTrap,1199,10,1522,2851
ResinTrap,1199,7,1182,2807
ResinTrap,1199,7,1229,2783
ResinTrap,1200,23,1693,2765
ResinTrap,1200,20,1519,2858
ResinTrap,1200,7,7074,2689
ResinTrap,1201,7,1225,2784
ResinTrap,1202,10,7210,2426
ResinTrap,1202,7,7435,2444
ResinTrap,1203,13,1196,2844
ResinTrap,1203,10,1516,2869
ResinTrap,1203,7,1189,2801
ResinTrap,1204,7,1192,2799
ResinTrap,1205,13,1152,2723
ResinTrap,1205,7,1249,2817
ResinTrap,1207,7,7279,3237
ResinTrap,1208,62,1912,2738
ResinTrap,1208,17,1170,2716
ResinTrap,1210,7,1140,2731
ResinTrap,1211,23,1476,2985
ResinTrap,1211,10,1710,2745
ResinTrap,1211,7,1236,2820
ResinTrap,1212,7,1144,2728
ResinTrap,1212,7,1231,2822
ResinTrap,1213,20,1222,2824
ResinTrap,1213,20,1216,2827
ResinTrap,1213,13,1509,2853
ResinTrap,1214,10,1507,2860
ResinTrap,1214,7,7436,2348
ResinTrap,1214,7,7234,2983
ResinTrap,1217,7,7317,3330
ResinTrap,1217,7,1659,3479
ResinTrap,1218,7,1242,2861
ResinTrap,1219,39,7200,2872
ResinTrap,1219,13,1660,3479
ResinTrap,1219,7,7030,2336
ResinTrap,1220,18,7206,2880
ResinTrap,1220,10,7134,2716
ResinTrap,1220,7,7236,2932
ResinTrap,1221,13,7143,2718
ResinTrap,1221,7,7232,2923
ResinTrap,1221,7,7211,2887
ResinTrap,1221,7,7209,2884
ResinTrap,1222,25,7219,2899
ResinTrap,1222,23,7162,2721
ResinTrap,1222,17,7152,2720
ResinTrap,1222,12,7223,2906
ResinTrap,1222,7,7215,2893
ResinTrap,1222,7,7213,2890
ResinTrap,1222,7,7217,2896
ResinTrap,1223,105,7172,2724
ResinTrap,1223,53,7162,2723
ResinTrap,1223,13,7172,3144
ResinTrap,1224,10,7186,2726
ResinTrap,1228,20,7166,3149
ResinTrap,1228,7,7039,3040
ResinTrap,1230,7,7054,3058
ResinTrap,1232,10,1539,3118
ResinTrap,1233,17,7226,2738
ResinTrap,1234,13,1533,3096
ResinTrap,1234,13,7259,2755
ResinTrap,1234,12,1436,3282
ResinTrap,1235,22,7124,3143
ResinTrap,1235,18,7223,2325
ResinTrap,1235,7,7160,3155
ResinTrap,1236,7,1437,3524
ResinTrap,1237,12,7158,3167
ResinTrap,1237,7,7205,2332
ResinTrap,1238,7,5054,2205
ResinTrap,1241,20,1617,2754
ResinTrap,1241,17,1817,2768
ResinTrap,1242,10,1539,2990
ResinTrap,1242,7,1534,3005
ResinTrap,1243,7,1749,3031
ResinTrap,1243,7,1529,3017
ResinTrap,1244,10,1754,3048
ResinTrap,1244,7,1755,3052
ResinTrap,1245,10,1505,3058
ResinTrap,1245,7,1747,3022
ResinTrap,1247,7,1502,3083
ResinTrap,1248,7,1978,2886
ResinTrap,1250,7,1984,2904
ResinTrap,1251,17,2002,2964
ResinTrap,1251,7,1989,2918
ResinTrap,1251,7,1990,2921
ResinTrap,1252,17,1726,2965
ResinTrap,1252,13,1774,2877
ResinTrap,1253,13,1695,2895
ResinTrap,1253,12,5069,2229
ResinTrap,1255,25,5038,2124
ResinTrap,1255,23,5041,2117
ResinTrap,1255,12,5054,2210
ResinTrap,1259,10,7262,2499
ResinTrap,1262,7,7290,3089
ResinTrap,1275,7,1396,3132
ResinTrap,1275,7,7173,2843
ResinTrap,1276,33,7138,2824
ResinTrap,1277,7,7170,2841
ResinTrap,1278,7,7123,2814
ResinTrap,1281,13,7156,2832
ResinTrap,1283,22,7147,2827
ResinTrap,1289,7,7387,2586
ResinTrap,1290,7,7375,2581
ResinTrap,1293,10,1828,3093
ResinTrap,1294,38,1828,3098
ResinTrap,1304,7,7257,2832
ResinTrap,1305,13,7261,2835
ResinTrap,1307,7,7266,2839
ResinTrap,1308,21,7267,2839
ResinTrap,1308,7,7273,2844
ResinTrap,1309,18,7274,2845
ResinTrap,1310,14,7281,2850
ResinTrap,1349,7,1703,2936
ResinTrap,1349,7,7179,2893
ResinTrap,1373,7,7185,2894
ResinTrap,1373,7,7188,2896
ResinTrap,1380,15,1723,2987
ResinTrap,1380,7,1723,2990
ResinTrap,1426,7,7173,2954
ResinTrap,1448,10,1652,2990
SuctionCup,0,266943,6166,3240
SuctionCup,0,266943,7032,3240
SuctionCup,0,266943,7032,2240
SuctionCup,0,266942,7465,1490
SuctionCup,0,266942,7465,1990
SuctionCup,0,266942,7465,2990
SuctionCup,0,266940,6455,3407
SuctionCup,0,266940,6599,2990
SuctionCup,0,266940,7321,1907
SuctionCup,0,266940,6599,2490
SuctionCup,0,266940,6455,2407
SuctionCup,0,266938,6888,3157
SuctionCup,0,266938,6888,1657
SuctionCup,0,266938,6888,2657
SuctionCup,0,266937,6022,2657
SuctionCup,0,266937,6022,3157
SuctionCup,0,266935,7465,1824
SuctionCup,0,266935,7032,3074
SuctionCup,0,266935,7465,2324
SuctionCup,0,266935,7032,2074
SuctionCup,0,266935,7465,2824
SuctionCup,0,266933,6599,3324
SuctionCup,0,266933,6599,1824
SuctionCup,0,266932,1321,3375
SuctionCup,0,266932,1754,3125
SuctionCup,0,266932,1754,3625
SuctionCup,0,266932,2187,1875
SuctionCup,0,266932,2620,3125
SuctionCup,0,266932,1754,2125
SuctionCup,0,266932,2187,2375
SuctionCup,0,266932,2042,3625
SuctionCup,0,266932,1754,1625
SuctionCup,0,266932,888,3125
SuctionCup,0,266932,2620,2625
SuctionCup,0,266932,1176,3625
SuctionCup,0,266932,888,2625
SuctionCup,0,266930,2042,3125
SuctionCup,0,266930,1176,2125
SuctionCup,0,266930,1609,2875
SuctionCup,0,266930,2042,2125
SuctionCup,0,266930,2475,1875
SuctionCup,0,266930,6166,2574
SuctionCup,0,266930,2475,2375
SuctionCup,0,266930,2475,3375
SuctionCup,0,266928,2042,1625
SuctionCup,0,266925,4158,2932
SuctionCup,0,266923,5024,2932
SuctionCup,0,266922,3725,1682
SuctionCup,0,266922,3725,3182
SuctionCup,0,266922,3725,2182
SuctionCup,0,266922,3725,2682
SuctionCup,0,266922,5313,2099
SuctionCup,0,266920,3292,1932
SuctionCup,0,266920,3292,2932
SuctionCup,0,266902,1032,3042
SuctionCup,0,266902,1032,3542
SuctionCup,0,266900,1898,3542
SuctionCup,0,266900,1465,2792
SuctionCup,0,266900,1465,3792
SuctionCup,0,266900,1898,2542
SuctionCup,0,266900,1898,2042
SuctionCup,0,266900,2331,2292
SuctionCup,0,266900,2331,1792
SuctionCup,0,266898,6310,3157
SuctionCup,0,266898,5877,2907
SuctionCup,0,266898,6743,3407
SuctionCup,0,266898,7609,2407
SuctionCup,0,266898,7176,2157
SuctionCup,0,266898,6743,2907
SuctionCup,0,266898,7609,1907
SuctionCup,0,266898,5877,3407
SuctionCup,0,266897,1609,3375
SuctionCup,0,266897,1032,2708
SuctionCup,0,266895,1898,2208
SuctionCup,0,266895,4447,1765
SuctionCup,0,266895,1898,3708
SuctionCup,0,266895,4880,1515
SuctionCup,0,266895,4447,2765
SuctionCup,0,266895,3148,2015
SuctionCup,0,266895,1465,2958
SuctionCup,0,266895,1898,3208
SuctionCup,0,266895,5313,1765
SuctionCup,0,266895,5313,2765
SuctionCup,0,266895,4447,2265
SuctionCup,0,266895,1465,1958
SuctionCup,0,266895,4880,2515
SuctionCup,0,266895,2331,2958
SuctionCup,0,266895,1465,3458
SuctionCup,0,266895,3581,1765
SuctionCup,0,266862,5457,2182
SuctionCup,0,266862,5457,2682
SuctionCup,0,266840,4736,1765
SuctionCup,0,266840,3437,2015
SuctionCup,0,266840,4736,2765
SuctionCup,0,266840,5169,1515
SuctionCup,0,266840,3870,2265
SuctionCup,0,266838,4591,2349
SuctionCup,0,266838,4591,2849
SuctionCup,0,266838,4158,1599
SuctionCup,0,266838,3725,1849
SuctionCup,0,266838,4591,1349
SuctionCup,0,266838,5457,2349
SuctionCup,0,266838,4158,3099
SuctionCup,0,266838,5024,1599
SuctionCup,0,266838,3725,2349
SuctionCup,0,266838,4591,1849
SuctionCup,0,266838,4303,1515
SuctionCup,0,266838,4158,2599
SuctionCup,0,266820,6310,2990
SuctionCup,0,266820,5877,2740
SuctionCup,0,266820,5877,3240
SuctionCup,0,266818,7609,2240
SuctionCup,0,266818,6743,3240
SuctionCup,0,266818,6743,2740
SuctionCup,0,266818,7609,2740
SuctionCup,0,266817,7176,2990
SuctionCup,0,266768,4736,2265
SuctionCup,0,266747,2187,3375
SuctionCup,0,266732,5169,2515
SuctionCup,0,266720,4880,1849
SuctionCup,0,266720,4880,2349
SuctionCup,0,266682,1465,3292
SuctionCup,0,266670,7465,2490
SuctionCup,0,266653,3581,2099
SuctionCup,0,266653,4447,3099
SuctionCup,0,266653,4447,2099
SuctionCup,0,266653,3581,3099
SuctionCup,0,266653,4014,2349
SuctionCup,0,266643,4880,1349
SuctionCup,0,266643,5313,1599
SuctionCup,0,266643,3581,1599
SuctionCup,0,266632,3725,2849
SuctionCup,0,266621,3148,2349
SuctionCup,0,266605,4591,1182
SuctionCup,0,266600,6455,2074
SuctionCup,0,266600,2331,2792
SuctionCup,0,266581,6455,2574
SuctionCup,0,266553,6022,3324
SuctionCup,0,266553,6022,2824
SuctionCup,0,266552,6888,1824
SuctionCup,0,266485,5024,1932
SuctionCup,0,266431,3148,1849
SuctionCup,0,266411,3870,2932
SuctionCup,0,266409,4303,3182
SuctionCup,0,266408,3870,1432
SuctionCup,0,266407,5169,2682
SuctionCup,0,266407,4736,2932
SuctionCup,0,266407,4736,1932
SuctionCup,0,266407,4303,1182
SuctionCup,0,266405,4736,1432
SuctionCup,0,266402,4447,2432
SuctionCup,0,266402,4447,2932
SuctionCup,0,266402,3581,1932
SuctionCup,0,266402,3581,2932
SuctionCup,0,266399,4880,2182
SuctionCup,0,266399,4880,2682
SuctionCup,0,266397,4880,1182
SuctionCup,0,266397,6599,2824
SuctionCup,0,266396,5313,1932
SuctionCup,0,266396,3148,2182
SuctionCup,0,266394,5313,1432
SuctionCup,0,266376,4736,3099
SuctionCup,0,266376,4736,2599
SuctionCup,0,266376,4736,2099
SuctionCup,0,266376,4303,1349
SuctionCup,0,266376,4736,1599
SuctionCup,0,266376,3437,2349
SuctionCup,0,266376,3870,3099
SuctionCup,0,266376,4303,1849
SuctionCup,0,266376,3870,1599
SuctionCup,0,266354,3581,2765
SuctionCup,0,266329,7465,1657
SuctionCup,0,266329,7465,2657
SuctionCup,0,266329,7465,3157
SuctionCup,0,266327,7032,1907
SuctionCup,0,266327,7032,3407
SuctionCup,0,266327,7032,1407
SuctionCup,0,266327,7465,2157
SuctionCup,0,266322,6022,2990
SuctionCup,0,266322,6455,3240
SuctionCup,0,266322,6022,2490
SuctionCup,0,266322,6455,2240
SuctionCup,0,266322,6888,1990
SuctionCup,0,266322,7321,2740
SuctionCup,0,266319,1609,3208
SuctionCup,0,266319,1176,2958
SuctionCup,0,266319,1609,2708
SuctionCup,0,266319,2475,2208
SuctionCup,0,266319,2042,2958
SuctionCup,0,266319,2475,3208
SuctionCup,0,266319,2042,2458
SuctionCup,0,266319,1609,3708
SuctionCup,0,266317,2042,1958
SuctionCup,0,266292,2620,2792
SuctionCup,0,266291,1321,3208
SuctionCup,0,266291,888,2792
SuctionCup,0,266291,1321,2708
SuctionCup,0,266291,2620,1958
SuctionCup,0,266291,1321,3042
SuctionCup,0,266291,1321,2042
SuctionCup,0,266291,2620,3458
SuctionCup,0,266291,1321,2542
SuctionCup,0,266291,1754,2792
SuctionCup,0,266291,888,2458
SuctionCup,0,266291,1321,3708
SuctionCup,0,266291,2187,2542
SuctionCup,0,266291,888,2958
SuctionCup,0,266291,2620,2958
SuctionCup,0,266291,888,3292
SuctionCup,0,266291,1321,2208
SuctionCup,0,266289,2187,3708
SuctionCup,0,266289,2187,2708
SuctionCup,0,266289,2187,3542
SuctionCup,0,266289,1321,3542
SuctionCup,0,266289,1754,3792
SuctionCup,0,266289,1754,3458
SuctionCup,0,266277,5169,2349
SuctionCup,0,266275,4014,2515
SuctionCup,0,266274,5169,1349
SuctionCup,0,266266,1176,3292
SuctionCup,0,266266,1176,2792
SuctionCup,0,266266,2042,2292
SuctionCup,0,266266,2042,1792
SuctionCup,0,266266,1609,2042
SuctionCup,0,266266,2042,2792
SuctionCup,0,266266,2475,2042
SuctionCup,0,266266,2042,3792
SuctionCup,0,266264,2475,3542
SuctionCup,0,266262,6455,2740
SuctionCup,0,266256,7609,2574
SuctionCup,0,266256,7609,3074
SuctionCup,0,266254,5877,3074
SuctionCup,0,266254,6310,3324
SuctionCup,0,266254,6310,2824
SuctionCup,0,266254,6743,3074
SuctionCup,0,266252,7176,1824
SuctionCup,0,266252,7176,2824
SuctionCup,0,266235,7609,2074
SuctionCup,0,266227,1609,3542
SuctionCup,0,266211,6166,2407
SuctionCup,0,266187,3725,2516
SuctionCup,0,266187,3725,3016
SuctionCup,0,266187,3725,2016
SuctionCup,0,266186,5024,2766
SuctionCup,0,266181,6888,1490
SuctionCup,0,266168,5313,2599
SuctionCup,0,266164,6888,3324
SuctionCup,0,266157,6455,3074
SuctionCup,0,266125,5313,2265
SuctionCup,0,266092,5457,2516
SuctionCup,0,266012,4014,1349
SuctionCup,0,265952,7032,1574
SuctionCup,0,265922,3292,2266
SuctionCup,0,265913,4591,2516
SuctionCup,0,265913,3725,1516
SuctionCup,0,265912,5024,1266
SuctionCup,0,265912,4158,1766
SuctionCup,0,265897,3292,1766
SuctionCup,0,265835,3437,2515
SuctionCup,0,265735,7176,1657
SuctionCup,0,265703,1465,3625
SuctionCup,0,265703,1032,2375
SuctionCup,0,265703,1898,3375
SuctionCup,0,265703,2331,3625
SuctionCup,0,265703,1898,2875
SuctionCup,0,265703,1032,3375
SuctionCup,0,265703,1465,3125
SuctionCup,0,265647,1465,2625
SuctionCup,0,265639,1754,1792
SuctionCup,0,265637,1754,2958
SuctionCup,0,265562,7032,2407
SuctionCup,0,265515,6310,2657
SuctionCup,0,265505,2331,2125
SuctionCup,0,265467,5024,1766
SuctionCup,0,265443,6455,2907
SuctionCup,0,265398,2331,1625
SuctionCup,0,265025,1466,2292
SuctionCup,0,264823,4303,1682
SuctionCup,0,264673,2042,3292
SuctionCup,0,264175,4883,3015
SuctionCup,0,264109,2620,2292
SuctionCup,0,263707,4014,1849
SuctionCup,0,263322,4736,1099
SuctionCup,0,263306,5313,2432
SuctionCup,0,263277,2475,2708
SuctionCup,0,263266,6166,3407
SuctionCup,0,263253,2475,3042
SuctionCup,0,262850,1321,2375
SuctionCup,0,262487,7176,1990
SuctionCup,0,262441,6888,2992
SuctionCup,0,262141,7032,1740
SuctionCup,0,261938,4304,3015
SuctionCup,0,261862,5457,1682
SuctionCup,0,261844,2620,2125
SuctionCup,0,261815,4880,2015
SuctionCup,0,261654,6888,2157
SuctionCup,0,261652,4880,2849
SuctionCup,0,261444,2043,3458
SuctionCup,0,261392,4880,1682
SuctionCup,0,261313,4158,1266
SuctionCup,0,261284,2620,2458
SuctionCup,0,261262,2620,3292
SuctionCup,0,261079,5457,2016
SuctionCup,0,260663,1898,1708
SuctionCup,0,260545,6310,2157
SuctionCup,0,260363,7176,3157
SuctionCup,0,259893,6743,2574
SuctionCup,0,259392,2475,2875
SuctionCup,0,259297,4736,1265
SuctionCup,0,259055,1898,3042
SuctionCup,0,259047,4158,1432
SuctionCup,0,258845,4736,2432
SuctionCup,0,258801,2475,1708
SuctionCup,0,257948,1898,1875
SuctionCup,0,257092,3292,2766
SuctionCup,0,256810,7611,2907
SuctionCup,0,256703,7612,1740
SuctionCup,0,256441,5462,1849
SuctionCup,0,255423,6599,3157
SuctionCup,0,254014,6599,1990
SuctionCup,0,253978,6599,2657
SuctionCup,0,253261,5169,2182
SuctionCup,0,252997,2331,2625
SuctionCup,0,252756,7032,2907
SuctionCup,0,252711,3292,2099
SuctionCup,0,252577,3581,2265
SuctionCup,0,252544,1032,3208
SuctionCup,0,252453,1032,2542
SuctionCup,0,252422,3581,2599
SuctionCup,0,250185,6310,2490
SuctionCup,0,249171,7321,3240
SuctionCup,0,248992,7176,2657
SuctionCup,0,248987,7321,1407
SuctionCup,0,248409,3870,2765
SuctionCup,0,245951,4591,2182
SuctionCup,0,245894,1321,2875
SuctionCup,0,245864,4591,2682
SuctionCup,0,245662,1754,1960
SuctionCup,0,244767,6310,2324
SuctionCup,0,244638,3581,2432
SuctionCup,0,244467,5024,2099
SuctionCup,0,244292,4447,1599
SuctionCup,0,244008,2187,3208
SuctionCup,0,242809,4014,1515
SuctionCup,0,241871,4591,1516
SuctionCup,0,241601,2331,3125
SuctionCup,0,239798,3437,2684
SuctionCup,0,239693,1176,3792
SuctionCup,0,239504,4014,2683
SuctionCup,0,238239,7176,1490
SuctionCup,0,238200,1176,2625
SuctionCup,0,237656,1176,3128
SuctionCup,0,237322,3437,2182
SuctionCup,591,5948,3775,2184
SuctionCup,688,17034,1447,2875
SuctionCup,701,7857,7134,1960
SuctionCup,746,21533,4739,2614
SuctionCup,813,27497,6850,2596
SuctionCup,833,48617,4760,1709
SuctionCup,905,25794,4922,1715
SuctionCup,1080,659082,5064,2069
SuctionCup,1211,909725,1518,2989
SuctionCup,1222,282630,7104,2861
SuctionCup,1229,127177,1537,2784
