Island,222,3,2233,2127
Island,222,3,2229,2105
Island,222,2,2228,2099
Island,222,2,4193,1337
Island,222,2,4174,1330
Island,222,1,2495,3968
Island,222,1,2491,3965
Island,222,1,2490,3964
Island,222,1,2489,3963
Island,222,1,2488,3962
Island,222,1,2473,3950
Island,222,1,2472,3949
Island,222,1,2471,3948
Island,222,1,2470,3947
Island,222,1,5634,3946
Island,222,1,5638,3943
Island,222,1,5639,3942
Island,222,1,5640,3941
Island,222,1,2463,3941
Island,222,1,5656,3928
Island,222,1,5657,3927
Island,222,1,5658,3926
Island,222,1,5659,3925
Island,222,1,4575,3761
Island,222,1,4576,3760
Island,222,1,4579,3758
Island,222,1,4580,3757
Island,222,1,4598,3742
Island,222,1,4599,3741
Island,222,1,4600,3740
Island,222,1,4673,2396
Island,222,1,4674,2395
Island,222,1,4678,2392
Island,222,1,4679,2391
Island,222,1,4696,2377
Island,222,1,4697,2376
Island,222,1,4698,2375
Island,222,1,4699,2374
Island,222,1,2234,2133
Island,222,1,5298,1770
Island,222,1,5297,1768
Island,222,1,5296,1767
Island,222,1,5295,1765
Island,222,1,5294,1763
Island,222,1,5283,1744
Island,222,1,5282,1742
Island,222,1,5279,1737
Island,222,1,2994,1523
Island,222,1,2991,1518
Island,222,1,2990,1516
Island,222,1,2989,1515
Island,222,1,2988,1513
Island,222,1,2987,1511
Island,222,1,2977,1494
Island,222,1,2976,1492
Island,222,1,2975,1490
Island,222,1,4202,1340
Island,222,1,4199,1339
Island,222,1,4196,1338
Island,222,1,4172,1329
Island,222,1,4169,1328
Island,222,1,4164,1326
Island,223,4,5610,3964
Island,223,4,4551,3779
Island,223,4,4650,2413
Island,223,3,4228,1349
Island,223,2,2517,3986
Island,223,2,5313,1794
Island,223,2,5266,1713
Island,223,2,5265,1711
Island,223,2,5264,1709
Island,223,2,3007,1544
Island,223,2,4138,1316
Island,223,1,2520,3988
Island,223,1,2519,3987
Island,223,1,2516,3985
Island,223,1,5608,3967
Island,223,1,5609,3966
Island,223,1,5613,3963
Island,223,1,2447,3927
Island,223,1,2446,3926
Island,223,1,2445,3925
Island,223,1,2444,3924
Island,223,1,2443,3923
Island,223,1,5682,3905
Island,223,1,5683,3904
Island,223,1,5684,3903
Island,223,1,5685,3902
Island,223,1,5686,3901
Island,223,1,4546,3784
Island,223,1,4548,3783
Island,223,1,4549,3782
Island,223,1,4550,3781
Island,223,1,4623,3720
Island,223,1,4624,3719
Island,223,1,4625,3718
Island,223,1,4626,3717
Island,223,1,4645,2418
Island,223,1,4647,2417
Island,223,1,4648,2416
Island,223,1,4649,2415
Island,223,1,4721,2355
Island,223,1,4722,2354
Island,223,1,4723,2353
Island,223,1,4724,2352
Island,223,1,4725,2351
Island,223,1,5314,1796
Island,223,1,3009,1547
Island,223,1,3008,1546
Island,223,1,2959,1461
Island,223,1,2958,1459
Island,223,1,4136,1315
Island,225,1,2549,4010
Island,225,1,5580,3988
Island,225,1,2417,3899
Island,225,1,2416,3898
Island,225,1,2415,3897
Island,225,1,5712,3877
Island,225,1,5713,3876
Island,225,1,4518,3805
Island,225,1,4520,3804
Island,225,1,4651,3694
Island,225,1,4652,3693
Island,225,1,4617,2439
Island,225,1,4619,2438
Island,225,1,4751,2327
Island,225,1,4752,2326
Island,225,1,4753,2325
Island,225,1,2249,2202
Island,225,1,5334,1827
Island,225,1,3029,1578
Island,225,1,2942,1428
Island,225,1,4103,1301
Island,225,1,4101,1300
Island,226,2,4508,3812
Island,226,2,5341,1837
Island,226,2,3036,1588
Island,226,2,2936,1415
Island,226,2,4091,1296
Island,226,2,4089,1295
Island,226,1,2560,4018
Island,226,1,5568,3997
Island,226,1,5569,3996
Island,226,1,5722,3867
Island,226,1,4507,3813
Island,226,1,4660,3685
Island,226,1,4661,3684
Island,226,1,4662,3683
Island,226,1,4606,2447
Island,226,1,4608,2446
Island,226,1,4760,2318
Island,226,1,4761,2317
Island,226,1,5342,1839
Island,226,1,5241,1664
Island,226,1,3037,1590
Island,226,1,3035,1587
Island,227,3,2255,2224
Island,227,2,5237,1655
Island,227,1,2570,4025
Island,227,1,5559,4003
Island,227,1,2398,3881
Island,227,1,4497,3820
Island,227,1,4499,3819
Island,227,1,4670,3675
Island,227,1,4671,3674
Island,227,1,4598,2453
Island,227,1,4770,2308
Island,227,1,5349,1849
Island,227,1,5236,1653
Island,227,1,3044,1600
Island,227,1,4079,1290
Island,228,2,2577,4030
Island,228,2,2926,1394
Island,228,1,2579,4031
Island,228,1,5549,4010
Island,228,1,2390,3873
Island,228,1,4489,3826
Island,228,1,4678,3667
Island,228,1,4777,2301
Island,228,1,2258,2236
Island,228,1,5355,1857
Island,228,1,5354,1856
Island,228,1,3049,1607
Island,228,1,4068,1285
Island,229,2,4481,3831
Island,229,2,4580,2465
Island,229,2,2922,1385
Island,229,2,4061,1282
Island,229,1,5542,4015
Island,229,1,4480,3832
Island,229,1,4684,3661
Island,229,1,4685,3660
Island,229,1,4784,2294
Island,229,1,4785,2293
Island,229,1,5361,1866
Island,229,1,4060,1281
Island,230,2,2593,4041
Island,230,2,2918,1376
Island,230,1,2595,4042
Island,230,1,5533,4021
Island,230,1,2377,3859
Island,230,1,2376,3858
Island,230,1,5751,3838
Island,230,1,5752,3837
Island,230,1,4473,3837
Island,230,1,4690,3655
Island,230,1,4691,3654
Island,230,1,4790,2288
Island,230,1,4791,2287
Island,230,1,5367,1874
Island,230,1,5366,1873
Island,230,1,4052,1277
Island,231,2,4466,3841
Island,231,1,2602,4047
Island,231,1,5527,4025
Island,231,1,2371,3853
Island,231,1,5757,3832
Island,231,1,4566,2475
Island,231,1,4796,2282
Island,233,2,5214,1603
Island,233,1,5382,1894
Island,233,1,5381,1893
Island,233,1,4030,1266
Island,234,1,5386,1899
Island,234,1,5385,1898
Island,234,1,3080,1649
Island,234,1,4024,1263
Island,235,1,2627,4063
Island,235,1,2350,3830
Island,235,1,5778,3809
Island,235,1,4717,3626
Island,235,1,4817,2259
Island,235,1,5390,1904
Island,235,1,3084,1654
Island,236,2,5495,4045
Island,236,1,2634,4067
Island,236,1,2346,3826
Island,236,1,2345,3825
Island,236,1,4722,3620
Island,236,1,3088,1659
Island,236,1,5206,1584
Island,236,1,4011,1256
Island,237,1,5489,4049
Island,237,1,4429,3865
Island,237,1,2341,3820
Island,237,1,5787,3799
Island,237,1,5788,3798
Island,237,1,4726,3616
Island,237,1,4727,3615
Island,237,1,4528,2499
Island,237,1,2279,2305
Island,237,1,4826,2249
Island,237,1,4005,1253
Island,238,1,5484,4052
Island,238,1,4424,3868
Island,238,1,4731,3610
Island,238,1,4523,2502
Island,238,1,4830,2244
Island,238,1,4000,1250
Island,239,1,2333,3811
Island,239,1,5795,3790
Island,239,1,4518,2505
Island,239,1,2283,2316
Island,239,1,4834,2240
Island,239,1,3100,1674
Island,239,1,5199,1566
Island,239,1,3994,1247
Island,240,2,2891,1310
Island,240,1,4412,3875
Island,240,1,4739,3601
Island,240,1,2285,2322
Island,240,1,4838,2235
Island,240,1,5410,1929
Island,240,1,3104,1679
Island,240,1,3989,1244
Island,241,1,2325,3802
Island,241,1,5803,3781
Island,241,1,4743,3596
Island,241,1,2287,2328
Island,241,1,5414,1934
Island,241,1,5413,1933
Island,241,1,3108,1684
Island,241,1,2889,1305
Island,241,1,3984,1241
Island,242,2,5193,1550
Island,242,1,5464,4064
Island,242,1,2321,3797
Island,242,1,5807,3776
Island,242,1,4746,3593
Island,242,1,4503,2514
Island,242,1,4845,2227
Island,243,2,4398,3883
Island,243,2,4497,2517
Island,243,1,2669,4088
Island,243,1,5459,4067
Island,243,1,5810,3772
Island,243,1,4750,3588
Island,243,1,4849,2222
Island,243,1,3975,1236
Island,244,2,4393,3886
Island,244,1,2674,4091
Island,244,1,5454,4070
Island,244,1,2314,3789
Island,244,1,4492,2520
Island,245,1,2311,3785
Island,245,1,5817,3764
Island,245,1,4856,2214
Island,246,1,5431,1954
Island,246,1,3125,1704
Island,247,1,2298,2357
Island,247,1,5434,1958
Island,247,1,3956,1225
Island,248,1,5437,1961
Island,248,1,3132,1712
Island,248,1,3131,1711
Island,249,1,3948,1220
Island,250,1,2295,3765
Island,250,1,5444,1969
Island,250,1,3138,1719
Island,251,1,4775,3557
Island,251,1,2305,2375
Island,251,1,4874,2191
Island,251,1,3141,1722
Island,251,1,3940,1215
Island,252,1,4778,3553
Island,252,1,2307,2380
Island,252,1,4877,2187
Island,252,1,5450,1976
Island,253,1,5841,3734
Island,253,1,4454,2541
Island,253,1,5453,1979
Island,253,1,3147,1729
Island,253,1,3932,1210
Island,254,1,2717,4114
Island,254,1,5411,4093
Island,254,1,2284,3751
Island,254,1,4450,2543
Island,254,1,3150,1732
Island,255,1,5846,3727
Island,255,1,2312,2392
Island,255,1,4885,2177
Island,256,1,4343,3913
Island,256,1,5849,3723
Island,256,1,3921,1203
Island,257,1,4791,3536
Island,257,1,5465,1992
Island,257,1,3159,1742
Island,258,1,2274,3738
Island,258,1,4893,2166
Island,258,1,5468,1995
Island,258,1,3162,1745
Island,259,1,4796,3529
Island,259,1,3165,1748
Island,260,1,2269,3731
Island,260,1,2320,2410
Island,261,1,2743,4127
Island,261,1,5861,3707
Island,262,2,5381,4108
Island,262,1,4902,2154
Island,262,1,3900,1189
Island,263,2,5377,4110
Island,263,2,4416,2560
Island,263,1,2261,3720
Island,263,1,4805,3517
Island,264,1,4313,3928
Island,264,1,5868,3697
Island,265,1,5870,3694
Island,265,1,2328,2428
Island,265,1,4909,2144
Island,266,2,2759,4135
Island,266,1,4307,3931
Island,266,1,2255,3712
Island,266,1,4911,2141
Island,267,1,2253,3709
Island,267,1,4913,2138
Island,267,1,3884,1178
Island,268,1,2251,3706
Island,268,1,4816,3501
Island,268,1,3881,1176
Island,269,1,4818,3498
Island,270,1,4294,3937
Island,271,1,5882,3677
Island,272,1,5884,3674
Island,272,1,2339,2451
Island,272,1,5505,2032
Island,272,1,3199,1782
Island,272,1,3870,1168
Island,273,1,5886,3671
Island,273,1,5507,2034
Island,273,1,3201,1784
Island,274,1,4281,3943
Island,274,1,2342,2457
Island,275,1,5512,2039
Island,276,1,2345,2463
Island,277,1,4932,2110
Island,278,1,2231,3676
Island,278,1,5895,3657
Island,279,1,4836,3471
Island,279,1,3216,1798
Island,280,1,4838,3468
Island,280,1,5524,2050
Island,280,1,3218,1800
Island,281,1,4939,2099
Island,282,1,3843,1148
Island,283,1,4843,3460
Island,284,1,4944,2091
Island,284,1,3838,1144
Island,286,1,4848,3452
Island,286,1,3833,1140
Island,287,1,5910,3633
Island,287,1,2361,2493
Island,287,1,4949,2083
Island,289,1,2364,2499
Island,291,1,4955,2073
Island,291,1,3822,1131
Island,292,1,4857,3437
Island,292,1,5551,2074
Island,293,1,5919,3618
Island,294,1,2371,2511
Island,296,1,4962,2061
Island,296,1,3811,1122
Island,297,1,5562,2083
Island,297,1,3256,1833
Island,297,1,3809,1120
Island,299,1,2378,2523
Island,300,1,2198,3621
Island,300,1,3803,1115
Island,301,1,3801,1113
Island,302,1,4970,2046
Island,304,1,3271,1845
Island,305,1,2192,3610
Island,306,1,3275,1848
Island,307,1,4976,2035
Island,308,1,3279,1851
Island,310,1,2393,2547
Island,311,1,5590,2105
Island,313,1,2397,2553
Island,313,1,5594,2108
Island,320,1,4890,3374
Island,321,1,4891,3372
Island,322,1,5611,2120
Island,326,1,2414,2577
Island,327,1,5620,2126
Island,328,1,3756,1069
Island,332,1,5961,3534
Island,332,1,3751,1063
Island,333,1,5631,2133
Island,334,1,2424,2590
Island,338,1,3743,1054
Island,345,1,4910,3326
Island,358,1,2751,1219
Island,360,1,5051,1474
Island,362,1,2096,1774
Island,363,1,3763,2627
Island,363,1,5855,2333
Island,363,1,2093,1775
Island,363,1,2737,1231
Island,364,1,2735,1232
Island,377,1,3395,1920
Island,379,1,3701,997
Island,385,1,3696,989
Island,406,1,3681,962
Island,412,1,2516,2679
Island,414,1,3676,952
Island,423,1,3671,941
Island,437,1,3664,924
Island,449,1,3659,910
Island,457,1,2565,2708
Island,475,1,2584,2716
Island,508,1,2618,2726
Island,538,1,2648,2730
ResinTrap,212,7,2953,1519
ResinTrap,212,7,5258,1767
ResinTrap,223,12,5507,4036
ResinTrap,223,12,4447,3852
ResinTrap,223,12,4546,2486
ResinTrap,371,7,2131,1835
ResinTrap,393,28,5720,3902
ResinTrap,393,17,4660,3720
ResinTrap,393,17,4759,2354
ResinTrap,393,13,4240,1381
ResinTrap,393,13,2995,1577
ResinTrap,393,10,2216,2183
ResinTrap,393,7,5301,1828
ResinTrap,393,7,4657,3724
ResinTrap,393,7,4756,2358
ResinTrap,394,7,4631,3743
ResinTrap,394,7,4730,2377
ResinTrap,395,13,3377,2679
ResinTrap,395,13,5469,2385
ResinTrap,395,10,2974,1535
ResinTrap,395,7,5279,1783
ResinTrap,395,7,4196,1362
ResinTrap,396,7,5263,1751
ResinTrap,396,7,2455,3962
ResinTrap,396,7,5511,2387
ResinTrap,421,7,4555,2490
ResinTrap,422,10,3559,2707
ResinTrap,422,7,5220,1626
ResinTrap,422,7,2207,1958
ResinTrap,479,7,5987,3576
ResinTrap,562,7,2633,3903
ResinTrap,563,7,2641,3907
ResinTrap,573,7,2862,1004
ResinTrap,577,7,2335,1849
ResinTrap,592,7,3042,1281
ResinTrap,592,7,5348,1532
ResinTrap,619,7,4184,1133
ResinTrap,625,7,2862,4001
ResinTrap,627,7,4796,3306
ResinTrap,628,7,4788,3310
ResinTrap,630,7,5679,2009
ResinTrap,631,7,3354,1718
ResinTrap,631,7,2506,2444
ResinTrap,667,7,2924,928
ResinTrap,667,7,3768,929
ResinTrap,668,7,2917,914
ResinTrap,668,7,3745,920
ResinTrap,668,7,3754,923
ResinTrap,681,7,3640,2956
ResinTrap,681,7,5732,2662
ResinTrap,685,12,4308,2362
ResinTrap,685,7,3992,989
ResinTrap,685,7,3067,1133
ResinTrap,685,7,4011,995
ResinTrap,750,7,4722,3224
ResinTrap,750,7,3021,3998
ResinTrap,750,7,5052,2724
ResinTrap,799,7,5714,3404
ResinTrap,799,7,4518,2045
ResinTrap,800,7,5791,1897
ResinTrap,800,7,4660,1119
ResinTrap,800,7,3476,1631
ResinTrap,814,7,4125,913
ResinTrap,816,7,3257,1231
ResinTrap,816,7,4371,2159
ResinTrap,817,17,5553,1464
ResinTrap,817,13,3516,3076
ResinTrap,817,13,5318,3720
ResinTrap,817,13,5608,2782
ResinTrap,817,13,4357,2170
ResinTrap,817,12,4201,941
ResinTrap,817,10,3248,1215
ResinTrap,817,7,4185,931
ResinTrap,817,7,4352,2174
ResinTrap,817,7,3249,1219
ResinTrap,817,7,4258,3537
ResinTrap,817,7,5552,1461
ResinTrap,832,7,3672,3094
ResinTrap,833,7,5772,2802
ResinTrap,834,10,4033,858
ResinTrap,834,10,2568,1756
ResinTrap,834,7,2567,1750
ResinTrap,834,7,4109,3634
ResinTrap,834,7,4045,862
ResinTrap,834,7,3179,1054
ResinTrap,873,7,2688,2212
ResinTrap,875,10,4524,993
ResinTrap,876,7,3498,1523
ResinTrap,876,7,4615,1872
ResinTrap,876,7,3472,1478
ResinTrap,876,7,4544,999
ResinTrap,876,7,4516,3238
