Island,350,274,3622,1873
Island,409,1,4157,1477
Island,409,1,4158,1476
Island,410,1,4159,1475
Island,412,1,4160,1474
Island,470,24,4126,1470
Island,479,11,3958,2092
Island,479,1,3957,2098
Island,480,525,3967,2099
Island,480,353,3945,2083
Island,482,1,4153,1500
Island,485,199,3761,1730
Island,487,1,4455,1668
Island,488,1,4425,1678
Island,488,1,4424,1674
Island,489,6,4424,1675
Island,491,1,4610,1833
Island,492,1,4575,1859
Island,495,1,4546,1878
Island,499,2,3911,2071
Island,502,15,3799,2647
Island,504,81,4603,1783
Island,504,1,4623,1782
Island,505,1,4566,1841
Island,505,1,4570,1838
Island,529,142,3875,2233
Island,535,86,4087,2279
Island,537,6,4001,2334
Island,548,39,3999,1529
Island,549,106,3795,2261
Island,554,1,4013,2498
Island,555,64,3803,2346
Island,557,54,3882,1565
Island,560,1,4183,2202
Island,563,13,3887,1587
Island,563,5,3889,1600
Island,563,1,3886,1580
Island,579,1,4263,2009
Island,584,1,4649,2044
Island,584,1,4650,2043
Island,585,5,4648,2044
Island,586,14,4647,2044
Island,593,2,3279,1966
Island,594,2,3277,1968
Island,595,8,3164,2309
Island,595,5,3175,2308
Island,596,1,3274,1971
Island,598,1,3273,1970
Island,601,1,4288,1795
Island,602,25,4285,1792
Island,602,1,3272,1966
Island,603,1,3219,2268
Island,605,99,4511,2128
Island,605,1,4510,2144
Island,610,133,4317,1360
Island,626,103,4398,2140
Island,626,36,4379,1377
Island,630,313,4409,1375
Island,634,391,3155,2250
Island,634,1,4484,2111
Island,635,29,4450,2141
Island,635,2,4487,2113
Island,635,2,4484,2112
Island,635,1,4490,2114
Island,636,3,4487,2114
Island,636,2,4485,2113
Island,636,1,4490,2115
Island,636,1,4483,2112
Island,637,1,4491,2116
Island,641,1,3231,2334
Island,641,1,3230,2333
Island,645,1,3454,2140
Island,646,2,3456,2141
Island,646,1,3458,2142
Island,646,1,3455,2140
Island,646,1,3454,2139
Island,647,1,3460,2143
Island,655,41,3627,2036
Island,660,1,4482,2088
Island,661,16,4309,1976
Island,662,350,4292,1972
Island,666,147,4323,2029
Island,690,24,3666,2428
Island,776,20,3851,2216
Island,782,1,3773,2239
ResinTrap,4,19,3997,1790
ResinTrap,4,10,4054,1754
ResinTrap,14,22,5168,1797
ResinTrap,15,18,3165,2294
ResinTrap,15,7,3425,1794
ResinTrap,16,12,4426,2041
ResinTrap,16,12,4426,2541
ResinTrap,16,7,4912,2291
ResinTrap,123,13,4234,2042
ResinTrap,123,13,4232,2037
ResinTrap,169,7,3654,1564
ResinTrap,175,12,4415,1777
ResinTrap,175,7,4691,1551
ResinTrap,177,27,3426,2075
ResinTrap,181,20,3451,2039
ResinTrap,181,18,3955,2034
ResinTrap,183,25,3680,1760
ResinTrap,183,7,4455,1552
ResinTrap,186,14,3887,1789
ResinTrap,187,13,3461,2051
ResinTrap,188,7,3985,1836
ResinTrap,190,7,3438,2037
ResinTrap,194,20,3428,2030
ResinTrap,194,13,3423,2028
ResinTrap,194,7,3435,2033
ResinTrap,197,34,4405,1608
ResinTrap,199,13,3428,1985
ResinTrap,200,7,3434,1982
ResinTrap,212,10,4031,1528
ResinTrap,214,45,4429,1577
ResinTrap,214,28,3715,1808
ResinTrap,217,23,4435,1587
ResinTrap,217,7,3736,1818
ResinTrap,218,40,3724,1813
ResinTrap,218,7,4434,1585
ResinTrap,218,7,3656,1831
ResinTrap,220,38,3672,1814
ResinTrap,220,7,4431,1574
ResinTrap,222,17,4396,1589
ResinTrap,222,13,4270,2043
ResinTrap,222,7,4273,2038
ResinTrap,223,17,3441,2051
ResinTrap,223,17,3439,2056
ResinTrap,223,13,3437,2061
ResinTrap,224,10,4351,1769
ResinTrap,225,30,3706,1842
ResinTrap,225,10,3989,1491
ResinTrap,225,7,3709,1850
ResinTrap,225,7,4081,1500
ResinTrap,227,7,3705,1839
ResinTrap,229,7,3713,1801
ResinTrap,237,38,3926,1968
ResinTrap,240,58,3915,1999
ResinTrap,243,17,3926,1955
ResinTrap,243,7,3924,1951
ResinTrap,243,7,3925,1954
ResinTrap,243,7,3441,1959
ResinTrap,244,27,4410,1598
ResinTrap,245,7,3978,1438
ResinTrap,247,18,3919,1974
ResinTrap,247,13,3921,1969
ResinTrap,247,7,3724,1835
ResinTrap,249,23,3950,1963
ResinTrap,254,7,4252,1559
ResinTrap,255,53,3951,2013
ResinTrap,255,7,3996,1385
ResinTrap,256,20,3736,1762
ResinTrap,257,27,4394,1634
ResinTrap,257,7,4394,1633
ResinTrap,258,30,3923,2036
ResinTrap,258,20,3926,2044
ResinTrap,260,57,3676,1878
ResinTrap,261,52,3945,1997
ResinTrap,261,17,3949,2005
ResinTrap,261,7,3948,2002
ResinTrap,262,44,3969,1934
ResinTrap,263,27,3959,1960
ResinTrap,263,27,3961,1964
ResinTrap,263,20,3917,2032
ResinTrap,264,7,3701,1844
ResinTrap,265,67,4392,1564
ResinTrap,265,20,3698,1843
ResinTrap,268,13,3673,1876
ResinTrap,271,30,3934,1990
ResinTrap,271,7,3940,1993
ResinTrap,273,13,4232,2037
ResinTrap,273,13,4234,2042
ResinTrap,275,52,4406,1567
ResinTrap,275,17,4407,1567
ResinTrap,276,13,3985,1920
ResinTrap,282,32,4259,1726
ResinTrap,283,7,4264,1728
ResinTrap,284,30,4247,1764
ResinTrap,287,33,3983,1956
ResinTrap,287,13,3981,1955
ResinTrap,287,7,3989,1959
ResinTrap,291,55,4380,1549
ResinTrap,291,7,4381,1551
ResinTrap,295,7,4412,1576
ResinTrap,300,58,3965,1956
ResinTrap,300,20,3965,1961
ResinTrap,301,37,3804,1779
ResinTrap,313,23,3983,1851
ResinTrap,314,67,3984,1852
ResinTrap,316,7,3988,1863
ResinTrap,321,7,3652,2537
ResinTrap,321,7,3651,2534
ResinTrap,322,10,3689,2289
ResinTrap,324,7,3675,1529
ResinTrap,325,24,3648,2552
ResinTrap,325,13,3884,1904
ResinTrap,325,7,3888,1906
ResinTrap,328,13,3711,1913
ResinTrap,328,13,3704,1916
ResinTrap,328,7,4147,2024
ResinTrap,330,13,3950,2793
ResinTrap,330,7,3954,2786
ResinTrap,332,30,4387,1582
ResinTrap,332,7,3749,1714
ResinTrap,332,7,3747,1709
ResinTrap,332,7,3746,1706
ResinTrap,334,38,3380,2054
ResinTrap,334,7,4133,2304
ResinTrap,336,7,2960,2295
ResinTrap,337,7,3629,2296
ResinTrap,338,20,4416,1545
ResinTrap,338,7,3684,2597
ResinTrap,341,13,4152,2027
ResinTrap,341,13,4165,2347
ResinTrap,341,10,4160,2031
ResinTrap,341,7,4160,2350
ResinTrap,343,7,3692,1547
ResinTrap,344,7,3943,2320
ResinTrap,344,7,4653,1782
ResinTrap,346,7,4700,2050
ResinTrap,348,31,3677,2568
ResinTrap,348,21,3658,2612
ResinTrap,349,13,4661,1794
ResinTrap,349,7,3411,2113
ResinTrap,350,10,3683,2575
ResinTrap,350,7,3985,2291
ResinTrap,351,18,4657,1787
ResinTrap,352,13,3653,2621
ResinTrap,352,13,4661,2064
ResinTrap,352,10,3652,2625
ResinTrap,352,7,3910,2275
ResinTrap,352,7,3911,2278
ResinTrap,352,7,4659,2059
ResinTrap,354,38,4109,2033
ResinTrap,354,7,4114,2031
ResinTrap,354,7,3930,2372
ResinTrap,354,7,3666,2619
ResinTrap,355,7,3681,1878
ResinTrap,355,7,3667,2571
ResinTrap,358,7,3686,2593
ResinTrap,359,22,3654,2259
ResinTrap,359,13,3425,2128
ResinTrap,362,31,3430,2080
ResinTrap,362,18,3642,2260
ResinTrap,363,20,3437,2086
ResinTrap,364,26,4183,2023
ResinTrap,364,13,3832,2291
ResinTrap,365,7,3828,2285
ResinTrap,366,7,4189,1971
ResinTrap,367,17,4190,1972
ResinTrap,369,17,3417,2092
ResinTrap,370,17,4143,2048
ResinTrap,370,7,4190,2026
ResinTrap,370,7,3414,2097
ResinTrap,370,7,3953,1999
ResinTrap,370,7,3646,2621
ResinTrap,371,43,3689,2551
ResinTrap,371,37,4203,1983
ResinTrap,371,7,3643,2614
ResinTrap,371,7,4144,2088
ResinTrap,371,7,3644,2617
ResinTrap,372,17,4141,2082
ResinTrap,372,13,4270,2043
ResinTrap,372,13,4273,2036
ResinTrap,372,7,4361,1559
ResinTrap,372,7,3688,2561
ResinTrap,372,7,3378,2078
ResinTrap,375,27,3430,2069
ResinTrap,376,30,4591,1797
ResinTrap,376,7,4213,1981
ResinTrap,379,13,3717,2586
ResinTrap,381,7,3935,2358
ResinTrap,381,7,3766,2087
ResinTrap,384,41,3880,2294
ResinTrap,384,13,4137,2073
ResinTrap,384,7,3693,2116
ResinTrap,385,10,3696,2109
ResinTrap,386,64,3964,2279
ResinTrap,387,57,3418,2060
ResinTrap,387,13,4401,1821
ResinTrap,387,7,4397,1819
ResinTrap,389,17,3384,2084
ResinTrap,390,32,3638,2294
ResinTrap,390,28,3952,2265
ResinTrap,390,23,3635,2193
ResinTrap,391,48,3649,2291
ResinTrap,391,23,3633,2296
ResinTrap,391,17,3639,2202
ResinTrap,393,23,3763,2090
ResinTrap,394,50,4203,2030
ResinTrap,394,26,4207,2040
ResinTrap,395,7,3876,2304
ResinTrap,395,7,3644,2293
ResinTrap,396,13,4368,1537
ResinTrap,398,64,3400,2061
ResinTrap,398,10,4235,2008
ResinTrap,399,42,3470,2057
ResinTrap,399,7,3655,2287
ResinTrap,400,45,3905,2752
ResinTrap,402,10,3941,2382
ResinTrap,403,10,4592,1789
ResinTrap,403,7,3903,2759
ResinTrap,404,7,3988,2008
ResinTrap,405,20,3943,2262
ResinTrap,406,30,3968,2287
ResinTrap,406,7,3481,2064
ResinTrap,407,55,3912,2319
ResinTrap,407,31,3747,2127
ResinTrap,407,7,3967,2294
ResinTrap,407,7,3966,2297
ResinTrap,408,25,4530,1837
ResinTrap,408,13,4528,1833
ResinTrap,408,7,4005,1909
ResinTrap,409,30,4689,1765
ResinTrap,409,23,4684,1768
ResinTrap,409,13,4210,1971
ResinTrap,410,61,4174,2077
ResinTrap,410,44,3946,2729
ResinTrap,410,30,4207,1974
ResinTrap,411,7,4695,2041
ResinTrap,411,7,3950,2728
ResinTrap,412,7,3756,2137
ResinTrap,413,20,4230,2004
ResinTrap,413,7,3390,2105
ResinTrap,414,7,3455,2066
ResinTrap,415,23,4171,2055
ResinTrap,416,17,3389,2052
ResinTrap,416,9,4173,2261
ResinTrap,417,61,4166,2258
ResinTrap,417,55,3462,2062
ResinTrap,417,53,4119,2349
ResinTrap,417,38,4172,2291
ResinTrap,417,13,4122,2356
ResinTrap,417,7,4119,2348
ResinTrap,418,7,4350,1745
ResinTrap,419,7,3922,2321
ResinTrap,420,20,4175,2294
ResinTrap,420,12,3853,2287
ResinTrap,421,50,3838,2282
ResinTrap,421,17,4198,2086
ResinTrap,423,17,3862,2281
ResinTrap,424,7,3856,2301
ResinTrap,426,13,3384,2080
ResinTrap,427,38,4007,2258
ResinTrap,427,25,3384,2077
ResinTrap,427,7,3910,2318
ResinTrap,428,20,4173,2067
ResinTrap,428,13,3427,2040
ResinTrap,428,7,4007,2260
ResinTrap,429,43,3425,2040
ResinTrap,431,7,4082,2059
ResinTrap,432,7,4192,2087
ResinTrap,433,63,4068,2099
ResinTrap,433,53,3823,2270
ResinTrap,433,13,3352,2158
ResinTrap,433,7,4189,2086
ResinTrap,434,20,4187,2253
ResinTrap,434,13,3950,2732
ResinTrap,434,7,4077,2102
ResinTrap,434,7,4185,2255
ResinTrap,436,78,4155,2334
ResinTrap,436,17,3625,2130
ResinTrap,436,17,3627,2135
ResinTrap,436,7,3624,2127
ResinTrap,436,7,3629,2141
ResinTrap,437,7,4133,2374
ResinTrap,438,33,3818,2141
ResinTrap,438,32,4127,2373
ResinTrap,438,23,4157,2293
ResinTrap,439,38,3930,2703
ResinTrap,440,37,3938,2706
ResinTrap,440,13,3934,2705
ResinTrap,446,47,4169,2101
ResinTrap,446,13,4171,2101
ResinTrap,446,7,4168,2111
ResinTrap,447,52,4101,2388
ResinTrap,451,27,4261,1863
ResinTrap,452,13,3999,2213
ResinTrap,460,30,3970,2193
ResinTrap,461,40,3963,2729
ResinTrap,461,23,3972,2197
ResinTrap,461,20,3962,2728
ResinTrap,462,56,4511,1850
ResinTrap,462,23,3974,2201
ResinTrap,464,13,3658,2121
ResinTrap,465,13,4355,1874
ResinTrap,465,7,4352,1873
ResinTrap,468,27,3922,2732
ResinTrap,468,13,4143,2325
ResinTrap,468,7,4146,2332
ResinTrap,469,37,4143,2326
ResinTrap,470,7,4292,2006
ResinTrap,471,13,4294,2007
ResinTrap,474,20,3595,2251
ResinTrap,474,7,3595,2250
ResinTrap,474,7,3585,2151
ResinTrap,475,32,3596,2254
ResinTrap,475,7,4399,1681
ResinTrap,476,7,3901,2315
ResinTrap,481,13,3776,2288
ResinTrap,483,17,3324,2172
ResinTrap,483,7,3326,2176
ResinTrap,483,7,3769,2202
ResinTrap,485,7,3767,2093
ResinTrap,487,21,3174,2311
ResinTrap,487,7,3182,2309
ResinTrap,488,13,3203,2305
ResinTrap,488,7,4143,1853
ResinTrap,488,7,4040,2064
ResinTrap,489,27,4181,1911
ResinTrap,489,7,3196,2309
ResinTrap,489,7,3349,2191
ResinTrap,489,7,4037,2153
ResinTrap,490,7,4017,2157
ResinTrap,490,7,3191,2310
ResinTrap,490,7,3653,2292
ResinTrap,492,30,4056,2282
ResinTrap,492,13,4131,2103
ResinTrap,495,13,3773,2232
ResinTrap,495,7,3775,2237
ResinTrap,496,7,4424,2255
ResinTrap,497,18,4394,2274
ResinTrap,497,10,3475,2061
ResinTrap,501,13,4402,2272
ResinTrap,501,7,4205,2053
ResinTrap,501,7,4407,2271
ResinTrap,501,7,3163,2299
ResinTrap,501,7,4141,2376
ResinTrap,502,13,3437,2306
ResinTrap,503,7,3753,1760
ResinTrap,504,9,4236,1595
ResinTrap,504,7,4167,2528
ResinTrap,505,68,3718,2247
ResinTrap,506,42,3685,2536
ResinTrap,506,9,3690,2143
ResinTrap,508,17,3479,2074
ResinTrap,509,7,3692,2549
ResinTrap,511,13,3397,2041
ResinTrap,513,7,3714,2250
ResinTrap,514,7,3397,2324
ResinTrap,518,105,3939,2703
ResinTrap,518,28,3696,2520
ResinTrap,518,7,3467,2323
ResinTrap,519,20,3457,2319
ResinTrap,519,12,3428,2342
ResinTrap,521,7,3735,2246
ResinTrap,523,17,4141,2509
ResinTrap,523,13,4146,2511
ResinTrap,525,25,4152,2535
ResinTrap,525,7,4151,2541
ResinTrap,526,13,3436,2335
ResinTrap,526,7,3438,2332
ResinTrap,529,13,4042,2294
ResinTrap,530,42,3423,2358
ResinTrap,530,13,3383,2350
ResinTrap,531,13,3386,2343
ResinTrap,532,38,3670,2519
ResinTrap,532,7,4299,1671
ResinTrap,532,7,3667,2518
ResinTrap,537,23,3703,2490
ResinTrap,541,17,3738,2504
ResinTrap,541,13,4173,2296
ResinTrap,541,7,4177,2301
ResinTrap,543,19,4549,1867
ResinTrap,547,23,4783,1828
ResinTrap,550,13,4259,2530
ResinTrap,551,17,4254,2528
ResinTrap,552,7,3737,2500
ResinTrap,555,27,3401,2393
ResinTrap,556,40,3431,2405
ResinTrap,556,13,3409,2392
ResinTrap,556,7,3434,2412
ResinTrap,557,32,3694,2464
ResinTrap,557,23,3211,2259
ResinTrap,557,13,3213,2254
ResinTrap,557,13,3430,2402
ResinTrap,557,7,3699,2467
ResinTrap,558,23,4784,1827
ResinTrap,558,17,4779,1829
ResinTrap,559,30,4789,1825
ResinTrap,561,32,3667,2551
ResinTrap,561,13,3665,2553
ResinTrap,561,7,3662,2555
ResinTrap,563,37,3402,2356
ResinTrap,563,30,3409,2359
ResinTrap,563,13,4414,2284
ResinTrap,564,33,3460,2384
ResinTrap,567,12,4024,2342
ResinTrap,568,7,4029,2342
ResinTrap,571,13,3253,2421
ResinTrap,571,7,4212,2166
ResinTrap,571,7,4082,2402
ResinTrap,571,7,3928,2416
ResinTrap,572,37,3256,2411
ResinTrap,572,7,3692,2319
ResinTrap,572,7,3257,2411
ResinTrap,572,7,3255,2418
ResinTrap,573,14,3548,2248
ResinTrap,578,33,4237,2483
ResinTrap,581,19,4480,1808
ResinTrap,582,13,4366,2287
ResinTrap,584,7,3095,2307
ResinTrap,585,20,3301,2422
ResinTrap,585,10,3373,1885
ResinTrap,585,7,4136,2367
ResinTrap,586,20,3298,2421
ResinTrap,589,14,3313,1963
ResinTrap,591,13,3917,1531
ResinTrap,591,7,3919,1529
ResinTrap,593,7,4012,1512
ResinTrap,594,7,4024,1519
ResinTrap,594,7,3913,1541
ResinTrap,595,13,4040,1529
ResinTrap,595,7,4038,1528
ResinTrap,597,7,3929,2385
ResinTrap,599,28,4280,1800
ResinTrap,606,20,4461,1902
ResinTrap,606,7,4356,1324
ResinTrap,606,7,4470,1900
ResinTrap,607,7,3323,2400
ResinTrap,614,7,4225,1829
ResinTrap,615,14,4347,1819
ResinTrap,615,13,4230,1855
ResinTrap,615,7,4205,1836
ResinTrap,626,7,4761,1840
ResinTrap,627,13,4423,1340
ResinTrap,630,13,4367,1370
ResinTrap,630,10,4374,1354
ResinTrap,630,10,4372,1359
ResinTrap,631,10,3677,2017
ResinTrap,632,7,4420,1344
ResinTrap,634,48,4305,2306
ResinTrap,634,7,4416,1352
ResinTrap,634,7,3199,2258
ResinTrap,635,50,4368,1338
ResinTrap,636,10,3195,2258
ResinTrap,636,7,4418,1344
ResinTrap,641,7,3628,2200
ResinTrap,641,7,3931,1958
ResinTrap,647,9,3545,2218
ResinTrap,658,19,4158,2509
ResinTrap,659,19,3680,2181
ResinTrap,662,7,4151,2495
ResinTrap,662,7,4479,2084
ResinTrap,664,34,4139,2529
ResinTrap,664,13,4097,2544
ResinTrap,664,13,4099,2548
ResinTrap,674,7,3722,2162
ResinTrap,678,17,4143,2511
ResinTrap,683,27,4109,2513
ResinTrap,684,7,4114,1899
ResinTrap,688,24,3698,2047
ResinTrap,688,7,3698,2044
ResinTrap,691,10,4128,1922
ResinTrap,695,7,4034,1847
ResinTrap,696,7,3847,2370
ResinTrap,697,10,3970,1859
ResinTrap,699,7,3723,2076
ResinTrap,700,17,3746,2068
ResinTrap,701,7,3899,2356
ResinTrap,701,7,3745,2062
ResinTrap,703,10,3900,2351
ResinTrap,704,17,4001,1843
ResinTrap,704,7,3992,1846
ResinTrap,704,7,3997,1845
ResinTrap,705,103,3990,1840
ResinTrap,705,13,3985,1846
ResinTrap,708,10,3822,2178
ResinTrap,708,10,3815,2178
ResinTrap,711,7,4080,2356
ResinTrap,714,7,3913,2280
ResinTrap,718,20,3795,2348
ResinTrap,722,7,4324,2168
ResinTrap,731,7,3783,2009
ResinTrap,734,7,4235,2257
ResinTrap,736,13,4233,2261
ResinTrap,738,7,4081,2461
ResinTrap,740,10,3934,1958
ResinTrap,742,7,4268,2131
ResinTrap,743,7,4085,1909
ResinTrap,744,13,3961,1926
ResinTrap,744,13,3954,1927
ResinTrap,744,10,4076,1905
ResinTrap,763,19,4090,2506
ResinTrap,763,7,4097,2502
ResinTrap,765,9,3922,2359
ResinTrap,775,7,3761,2233
ResinTrap,779,133,3787,2233
ResinTrap,781,18,3834,2313
ResinTrap,787,22,4116,2055
ResinTrap,787,7,4122,2049
ResinTrap,791,13,3807,2240
ResinTrap,791,7,3794,2241
ResinTrap,794,30,3810,2239
ResinTrap,795,7,3803,2241
ResinTrap,797,7,4164,2107
ResinTrap,799,7,4176,2132
ResinTrap,803,7,4193,2180
ResinTrap,808,22,4101,2101
ResinTrap,810,7,4106,2115
ResinTrap,812,7,4109,2122
ResinTrap,812,7,4180,2257
ResinTrap,813,7,4111,2127
ResinTrap,815,13,3852,2232
ResinTrap,817,7,4117,2142
ResinTrap,819,21,4080,2111
ResinTrap,819,13,3859,2228
ResinTrap,820,7,3902,2105
ResinTrap,822,12,4075,2138
ResinTrap,822,7,4078,2130
ResinTrap,823,13,3866,2224
ResinTrap,823,7,4125,2164
ResinTrap,826,20,3871,2220
ResinTrap,826,7,3917,2278
ResinTrap,827,28,4043,2043
ResinTrap,827,21,4007,2065
ResinTrap,827,7,4131,2183
ResinTrap,828,7,4133,2191
ResinTrap,829,21,4038,2048
ResinTrap,829,7,4135,2199
ResinTrap,829,7,3933,2271
ResinTrap,830,20,3878,2216
ResinTrap,830,19,3984,2051
ResinTrap,834,10,4132,2267
ResinTrap,834,7,4113,2317
ResinTrap,835,7,3875,2185
ResinTrap,835,7,4058,2164
ResinTrap,836,7,3955,2182
ResinTrap,838,7,4049,2175
ResinTrap,840,7,4038,2188
ResinTrap,848,7,3999,2349
ResinTrap,849,7,4007,2344
ResinTrap,850,7,4016,2338
ResinTrap,851,12,4024,2331
ResinTrap,852,17,4028,2327
ResinTrap,852,7,4034,2324
ResinTrap,854,13,4003,2297
SuctionCup,0,266955,4253,2689
SuctionCup,0,266955,3387,1189
SuctionCup,0,266955,5119,2189
SuctionCup,0,266955,4253,1189
SuctionCup,0,266955,4253,2189
SuctionCup,0,266955,4253,1689
SuctionCup,0,266952,3820,2105
SuctionCup,0,266952,4686,2105
SuctionCup,0,266952,2954,1605
SuctionCup,0,266952,4686,1605
SuctionCup,0,266952,4686,1105
SuctionCup,0,266952,3820,2605
SuctionCup,0,266952,4686,2605
SuctionCup,0,266952,3820,1105
SuctionCup,0,266952,3387,2355
SuctionCup,0,266952,4253,2355
SuctionCup,0,266952,3387,1355
SuctionCup,0,266952,5119,1355
SuctionCup,0,266952,3387,2855
SuctionCup,0,266952,3387,1855
SuctionCup,0,266952,4253,1855
SuctionCup,0,266952,4253,2855
SuctionCup,0,266952,2954,2105
SuctionCup,0,266952,5119,1855
SuctionCup,0,266950,3243,2772
SuctionCup,0,266950,3243,2272
SuctionCup,0,266950,3243,1772
SuctionCup,0,266950,3243,1272
SuctionCup,0,266948,3676,1022
SuctionCup,0,266948,4975,1772
SuctionCup,0,266948,4975,1272
SuctionCup,0,266948,4975,2272
SuctionCup,0,266948,4542,1022
SuctionCup,0,266927,3098,1522
SuctionCup,0,266927,4397,2772
SuctionCup,0,266817,5263,1772
SuctionCup,0,266744,2954,2439
SuctionCup,0,266744,2954,1439
SuctionCup,0,266744,2954,1939
SuctionCup,0,266578,4830,2355
SuctionCup,0,266578,4830,1855
SuctionCup,0,266572,3964,2355
SuctionCup,0,266572,3531,2605
SuctionCup,0,266572,3964,2855
SuctionCup,0,266572,3098,2355
SuctionCup,0,266572,3098,1855
SuctionCup,0,266572,3531,2105
SuctionCup,0,266553,4830,1355
SuctionCup,0,266550,4397,1105
SuctionCup,0,266550,4397,2105
SuctionCup,0,266550,4397,2605
SuctionCup,0,266550,4397,1605
SuctionCup,0,266547,3098,1355
SuctionCup,0,266547,3531,1105
SuctionCup,0,266547,3531,1605
SuctionCup,0,266545,5263,1605
SuctionCup,0,266483,3964,1022
SuctionCup,0,266482,3964,2022
SuctionCup,0,266482,3964,2522
SuctionCup,0,266294,4109,2439
SuctionCup,0,266294,4542,2689
SuctionCup,0,266294,4109,2939
SuctionCup,0,266294,4975,1939
SuctionCup,0,266294,4975,1439
SuctionCup,0,266292,3243,2439
SuctionCup,0,266292,3243,1439
SuctionCup,0,266292,3243,1939
SuctionCup,0,266289,3531,2939
SuctionCup,0,266289,5263,1439
SuctionCup,0,266289,3964,2689
SuctionCup,0,266289,3964,1189
SuctionCup,0,266289,3964,2189
SuctionCup,0,266289,4830,1189
SuctionCup,0,266289,5263,1939
SuctionCup,0,266269,4109,1105
SuctionCup,0,266269,4542,1355
SuctionCup,0,266269,4542,1855
SuctionCup,0,266269,4975,1605
SuctionCup,0,266269,3243,1605
SuctionCup,0,266269,4975,1105
SuctionCup,0,266267,3243,2105
SuctionCup,0,266267,3676,1855
SuctionCup,0,266267,4109,2105
SuctionCup,0,266267,4975,2105
SuctionCup,0,266267,4542,2355
SuctionCup,0,266267,3676,1355
SuctionCup,0,266267,4109,2605
SuctionCup,0,266267,3243,2605
SuctionCup,0,266266,3676,2355
SuctionCup,0,266266,3676,2855
SuctionCup,0,265830,4253,2522
SuctionCup,0,265830,4253,1022
SuctionCup,0,265830,3820,1272
SuctionCup,0,265784,2954,1772
SuctionCup,0,265426,3531,1439
SuctionCup,0,265426,3531,2439
SuctionCup,0,265426,3531,1939
SuctionCup,0,261376,4542,1689
SuctionCup,0,261376,4542,1189
SuctionCup,0,261376,4542,2189
SuctionCup,0,260763,2954,2272
SuctionCup,0,260632,4686,2439
SuctionCup,0,260358,4686,1939
SuctionCup,0,260358,4686,1439
SuctionCup,0,257292,3531,2272
SuctionCup,0,257292,3531,1272
SuctionCup,0,257292,3531,1772
SuctionCup,0,257292,3531,2772
SuctionCup,0,251466,3676,1189
SuctionCup,0,250122,3676,2689
SuctionCup,0,250122,3676,2189
SuctionCup,0,247832,3676,1689
SuctionCup,0,245558,4687,1272
SuctionCup,0,244688,4542,2522
SuctionCup,0,244507,4542,2022
SuctionCup,0,244507,4542,1522
SuctionCup,0,239591,4253,2022
SuctionCup,0,239090,4687,2272
SuctionCup,0,239090,4687,1772
SuctionCup,0,237649,3820,1939
SuctionCup,0,237442,3964,1855
SuctionCup,0,232040,3820,2939
SuctionCup,0,232040,3820,2439
SuctionCup,0,228332,4830,1689
SuctionCup,0,226836,4253,1355
SuctionCup,0,225074,3676,2022
SuctionCup,0,224938,4109,1775
SuctionCup,0,222947,3098,1689
SuctionCup,0,221862,3678,2522
SuctionCup,0,221015,4397,2939
SuctionCup,0,219526,4830,2189
SuctionCup,0,216196,4397,1439
SuctionCup,0,216196,4397,1939
SuctionCup,0,216194,4397,2439
SuctionCup,0,214555,4109,1939
SuctionCup,0,213233,3387,2689
SuctionCup,0,213233,3387,2189
SuctionCup,0,208578,3098,2689
SuctionCup,0,208326,3387,1689
SuctionCup,0,204835,3098,2189
SuctionCup,0,200697,5119,1689
SuctionCup,0,125472,3964,1689
SuctionCup,583,64474,3964,1547
