Island,249,101,4884,2050
Island,255,6,4809,2129
Island,256,135,5014,2075
Island,258,38,5053,2027
Island,260,1,5152,2034
Island,264,25,5154,2040
Island,264,10,5130,1994
Island,270,68,5138,1972
Island,271,1,5145,1985
Island,272,143,4766,1933
Island,275,73,4702,2054
Island,321,7,5201,2145
Island,347,2,5259,2198
Island,354,1,5273,2211
Island,368,1,5319,2227
Island,384,1,5369,2252
Island,386,65,5385,2267
Island,412,1,5489,2301
Island,413,171,3640,1892
Island,413,3,5465,2263
Island,420,76,5408,2142
Island,421,1,5402,2145
Island,423,3,5390,2125
Island,426,1,5515,2288
Island,426,1,5517,2287
Island,450,1,5585,2342
Island,467,1,5525,2456
Island,523,1,5496,2557
Island,526,185,4042,1755
Island,527,167,4082,1652
Island,609,1,5373,2537
Island,610,1,5372,2537
Island,611,1,5370,2537
Island,612,1,5369,2537
Island,614,115,5293,2336
Island,615,67,5779,2521
Island,616,1,5492,2708
Island,622,6,5796,2495
Island,633,22,5699,2608
Island,634,1,5707,2618
Island,635,33,5719,2613
Island,654,1,5402,2586
Island,725,1,5462,2813
Island,918,67,2786,2075
ResinTrap,2,10,5001,2337
ResinTrap,3,10,3923,1879
ResinTrap,3,7,3920,1869
ResinTrap,15,15,6257,2640
ResinTrap,15,14,6016,2390
ResinTrap,15,7,3017,2882
ResinTrap,15,7,5757,2132
ResinTrap,16,15,4018,2629
ResinTrap,17,3858,4697,2099
ResinTrap,33,27,4464,2118
ResinTrap,33,13,4495,2094
ResinTrap,33,13,4493,2089
ResinTrap,33,7,4492,2087
ResinTrap,33,7,4459,2116
ResinTrap,33,7,4491,2084
ResinTrap,138,33,4492,2104
ResinTrap,138,22,4487,2114
ResinTrap,138,17,4479,2119
ResinTrap,138,10,4484,2118
ResinTrap,171,17,5020,2404
ResinTrap,171,13,5015,2402
ResinTrap,176,9,4490,2385
ResinTrap,177,9,3786,1633
ResinTrap,179,23,3514,1858
ResinTrap,179,13,3015,2415
ResinTrap,179,13,3252,2417
ResinTrap,180,7,4479,2375
ResinTrap,181,35,3729,1638
ResinTrap,181,20,4504,1854
ResinTrap,181,7,4501,1853
ResinTrap,183,13,3724,1647
ResinTrap,183,7,3007,2352
ResinTrap,186,7,3804,1645
ResinTrap,187,40,3767,1641
ResinTrap,187,13,3018,2344
ResinTrap,187,13,3023,2342
ResinTrap,187,7,3027,2341
ResinTrap,190,23,4059,2128
ResinTrap,190,7,4058,2135
ResinTrap,194,32,4507,2126
ResinTrap,195,13,5016,2363
ResinTrap,195,10,5018,2360
ResinTrap,198,13,5500,2324
ResinTrap,198,7,5504,2326
ResinTrap,201,13,4519,2124
ResinTrap,203,22,3530,2141
ResinTrap,208,13,4015,2116
ResinTrap,210,38,3539,1889
ResinTrap,210,37,3784,1682
ResinTrap,210,7,4009,2116
ResinTrap,210,7,4004,2118
ResinTrap,210,7,3999,2120
ResinTrap,211,7,4498,2097
ResinTrap,212,25,4260,1896
ResinTrap,212,23,4499,2099
ResinTrap,213,13,3535,1899
ResinTrap,213,7,3537,1896
ResinTrap,214,7,3285,2339
ResinTrap,216,26,4284,1910
ResinTrap,216,7,4562,2328
ResinTrap,217,19,4583,2345
ResinTrap,217,10,4565,2334
ResinTrap,218,13,4487,1881
ResinTrap,218,7,4492,1880
ResinTrap,218,7,4029,2122
ResinTrap,218,7,4292,1927
ResinTrap,219,47,4288,1917
ResinTrap,219,31,4303,1892
ResinTrap,220,13,3481,2113
ResinTrap,221,7,4298,1933
ResinTrap,221,7,4583,2340
ResinTrap,222,36,3304,2375
ResinTrap,222,27,4573,2336
ResinTrap,223,20,4275,1909
ResinTrap,224,47,3272,2390
ResinTrap,224,40,3289,2374
ResinTrap,224,13,3322,2347
ResinTrap,224,7,4246,1891
ResinTrap,225,22,3492,2128
ResinTrap,225,7,3488,2118
ResinTrap,226,26,5446,2358
ResinTrap,226,25,3489,2121
ResinTrap,229,23,4234,1876
ResinTrap,229,13,3488,2138
ResinTrap,229,13,4237,1883
ResinTrap,229,13,3486,2143
ResinTrap,229,7,3491,2133
ResinTrap,230,13,3753,1613
ResinTrap,230,7,3214,2395
ResinTrap,231,37,3258,2387
ResinTrap,231,20,3216,2392
ResinTrap,231,7,3316,2380
ResinTrap,232,30,3278,2399
ResinTrap,232,17,3223,2390
ResinTrap,232,13,3286,2338
ResinTrap,232,7,3243,2395
ResinTrap,233,52,5434,2313
ResinTrap,233,38,3250,2390
ResinTrap,233,23,3242,2393
ResinTrap,233,13,3284,2341
ResinTrap,233,7,3027,2384
ResinTrap,233,7,3022,2386
ResinTrap,234,43,5492,2357
ResinTrap,234,13,4251,1922
ResinTrap,234,7,3232,2392
ResinTrap,234,7,3282,2348
ResinTrap,235,28,3231,2392
ResinTrap,236,40,5499,2365
ResinTrap,236,23,3219,2354
ResinTrap,236,20,4958,2333
ResinTrap,237,25,5125,2000
ResinTrap,237,20,4960,2338
ResinTrap,238,7,4515,2366
ResinTrap,238,7,4963,2345
ResinTrap,239,30,5093,2086
ResinTrap,239,7,3286,2381
ResinTrap,243,35,3250,2352
ResinTrap,243,32,3289,2357
ResinTrap,243,13,3287,2352
ResinTrap,244,30,4270,1876
ResinTrap,245,30,4335,1906
ResinTrap,245,7,4342,1909
ResinTrap,246,27,5416,2282
ResinTrap,247,53,3559,2064
ResinTrap,248,7,3239,2349
ResinTrap,249,53,3330,2346
ResinTrap,249,30,3256,2345
ResinTrap,250,17,3229,2349
ResinTrap,250,13,4206,1913
ResinTrap,251,23,4797,1770
ResinTrap,251,23,4538,2323
ResinTrap,251,7,4537,2322
ResinTrap,251,7,3786,1575
ResinTrap,252,7,4796,1767
ResinTrap,252,7,4540,2329
ResinTrap,253,7,4842,2039
ResinTrap,254,60,3515,2085
ResinTrap,255,17,3511,2083
ResinTrap,256,27,3548,2055
ResinTrap,257,13,3267,2341
ResinTrap,258,17,3546,2049
ResinTrap,258,7,3545,2046
ResinTrap,259,38,5251,2415
ResinTrap,259,23,5437,2292
ResinTrap,259,17,3327,2320
ResinTrap,259,7,3332,2322
ResinTrap,259,7,5251,2420
ResinTrap,259,7,3324,2319
ResinTrap,260,23,3544,2206
ResinTrap,260,10,5434,2294
ResinTrap,260,7,3550,2204
ResinTrap,261,33,3003,2347
ResinTrap,261,13,5252,2409
ResinTrap,261,7,3003,2353
ResinTrap,262,20,4618,2342
ResinTrap,262,17,5491,2383
ResinTrap,262,13,4616,2348
ResinTrap,262,7,5493,2379
ResinTrap,262,7,4615,2352
ResinTrap,263,7,4507,2314
ResinTrap,265,45,4174,1877
ResinTrap,265,13,4173,1886
ResinTrap,266,40,5378,2329
ResinTrap,267,27,5386,2332
ResinTrap,267,18,4074,2118
ResinTrap,267,13,4590,1937
ResinTrap,267,13,4592,1932
ResinTrap,268,13,3704,1734
ResinTrap,269,63,5454,2300
ResinTrap,269,55,5454,2322
ResinTrap,270,43,4987,1790
ResinTrap,270,35,5493,2324
ResinTrap,270,13,5496,2320
ResinTrap,270,13,4988,1792
ResinTrap,270,10,4991,1799
ResinTrap,270,7,5495,2325
ResinTrap,271,32,5265,2374
ResinTrap,271,20,5264,2372
ResinTrap,272,7,3925,1989
ResinTrap,273,27,5368,2286
ResinTrap,274,40,5374,2283
ResinTrap,274,27,3251,2361
ResinTrap,274,20,4037,2041
ResinTrap,274,7,5410,2307
ResinTrap,275,48,4035,2043
ResinTrap,276,7,5504,2407
ResinTrap,281,72,3567,2070
ResinTrap,282,7,4693,1932
ResinTrap,283,20,5459,2288
ResinTrap,284,47,5459,2285
ResinTrap,285,57,4979,2287
ResinTrap,286,58,4980,2289
ResinTrap,286,33,3490,2075
ResinTrap,286,25,5466,2391
ResinTrap,286,14,5522,2346
ResinTrap,286,7,3491,2077
ResinTrap,287,13,5533,2355
ResinTrap,287,10,4457,2086
ResinTrap,287,7,3955,1858
ResinTrap,288,38,5527,2352
ResinTrap,288,7,3995,2030
ResinTrap,289,57,3995,2029
ResinTrap,289,27,5435,2279
ResinTrap,289,13,5286,2384
ResinTrap,289,7,4000,2042
ResinTrap,289,7,3998,2037
ResinTrap,289,7,4983,2297
ResinTrap,290,72,5274,2379
ResinTrap,290,40,5426,2244
ResinTrap,290,13,3564,2075
ResinTrap,290,7,5430,2244
ResinTrap,290,7,5274,2379
ResinTrap,291,13,3560,2076
ResinTrap,291,7,5426,2254
ResinTrap,293,13,3573,2059
ResinTrap,296,33,5421,2315
ResinTrap,296,20,5427,2313
ResinTrap,299,20,3539,1867
ResinTrap,301,48,5229,2404
ResinTrap,303,20,5443,2350
ResinTrap,304,27,4075,2051
ResinTrap,309,50,5121,2331
ResinTrap,315,7,3502,2249
ResinTrap,318,37,4946,2247
ResinTrap,319,20,5119,2332
ResinTrap,320,37,5112,2334
ResinTrap,320,7,3948,2023
ResinTrap,324,7,5242,2033
ResinTrap,324,7,5505,2376
ResinTrap,325,40,5134,2315
ResinTrap,325,20,5135,2313
ResinTrap,326,9,4946,2251
ResinTrap,328,48,3601,2061
ResinTrap,329,13,3600,2061
ResinTrap,329,7,4784,1879
ResinTrap,337,20,5276,2426
ResinTrap,339,13,4530,2150
ResinTrap,340,23,5153,2332
ResinTrap,343,20,5536,2304
ResinTrap,344,48,5534,2301
ResinTrap,344,23,5534,2308
ResinTrap,345,20,3485,2008
ResinTrap,346,63,5255,2391
ResinTrap,346,37,5255,2396
ResinTrap,346,22,5277,2620
ResinTrap,347,23,5280,2625
ResinTrap,347,7,5283,2632
ResinTrap,347,7,3997,2099
ResinTrap,348,37,3627,1945
ResinTrap,348,7,3999,2104
ResinTrap,350,26,3510,2635
ResinTrap,350,7,5267,2617
ResinTrap,352,13,5332,2623
ResinTrap,353,7,5292,2606
ResinTrap,354,17,3499,2643
ResinTrap,354,14,3511,2617
ResinTrap,356,13,3521,1992
ResinTrap,357,37,3521,1988
ResinTrap,358,13,3524,2644
ResinTrap,358,7,3519,2642
ResinTrap,359,7,3531,2572
ResinTrap,360,12,3739,2616
ResinTrap,361,46,5547,2356
ResinTrap,361,22,3527,2602
ResinTrap,362,13,3497,2604
ResinTrap,362,7,4058,1674
ResinTrap,363,37,3249,2252
ResinTrap,363,13,4051,1671
ResinTrap,363,7,4055,1673
ResinTrap,363,7,4747,2317
ResinTrap,363,7,3251,2258
ResinTrap,364,13,3725,2607
ResinTrap,364,13,3539,2643
ResinTrap,364,7,4549,2070
ResinTrap,365,31,4042,1650
ResinTrap,365,7,4157,1942
ResinTrap,367,7,3745,2608
ResinTrap,369,36,5439,2409
ResinTrap,369,32,5537,2414
ResinTrap,369,13,4049,1662
ResinTrap,369,12,4334,2069
ResinTrap,369,7,5541,2424
ResinTrap,370,17,3544,2602
ResinTrap,370,13,3539,2600
ResinTrap,370,7,5536,2412
ResinTrap,371,7,3730,2560
ResinTrap,372,7,4510,2064
ResinTrap,373,13,4034,1651
ResinTrap,374,27,4143,2051
ResinTrap,374,17,3755,2585
ResinTrap,375,23,3779,2621
ResinTrap,375,17,3752,2592
ResinTrap,377,13,5434,2426
ResinTrap,378,7,5427,2442
ResinTrap,378,7,5486,2430
ResinTrap,379,38,3461,2626
ResinTrap,379,10,4033,1700
ResinTrap,379,7,3459,2621
ResinTrap,380,52,3981,1613
ResinTrap,380,20,5410,2412
ResinTrap,380,10,5406,2411
ResinTrap,381,7,4680,2256
ResinTrap,382,17,3979,1603
ResinTrap,382,7,3981,1608
ResinTrap,383,7,4678,2253
ResinTrap,385,52,5572,2394
ResinTrap,386,7,4359,2050
ResinTrap,388,40,4022,1634
ResinTrap,388,20,3803,2615
ResinTrap,389,13,3973,1622
ResinTrap,390,7,3564,1988
ResinTrap,391,7,5569,2397
ResinTrap,393,38,4013,1674
ResinTrap,395,13,5546,2371
ResinTrap,395,13,5548,2366
ResinTrap,396,7,5136,2265
ResinTrap,396,7,5587,2389
ResinTrap,397,7,4052,1702
ResinTrap,398,7,4049,1704
ResinTrap,399,28,3990,1613
ResinTrap,399,19,4010,1631
ResinTrap,400,7,4014,1633
ResinTrap,400,7,3696,1962
ResinTrap,402,7,3599,1812
ResinTrap,408,38,5449,2462
ResinTrap,408,27,5484,2463
ResinTrap,408,13,5444,2477
ResinTrap,408,7,5486,2468
ResinTrap,408,7,5487,2471
ResinTrap,409,45,3896,2082
ResinTrap,409,13,5446,2472
ResinTrap,409,7,4024,1673
ResinTrap,409,7,5457,2461
ResinTrap,409,7,5342,2620
ResinTrap,411,37,3763,2599
ResinTrap,412,66,3856,2105
ResinTrap,412,13,5537,2188
ResinTrap,413,7,5214,2363
ResinTrap,416,13,4038,1611
ResinTrap,417,38,4034,1614
ResinTrap,417,13,4036,1614
ResinTrap,423,27,3810,2639
ResinTrap,423,17,3808,2635
ResinTrap,424,27,5614,2416
ResinTrap,427,7,5521,2447
ResinTrap,430,13,3827,2089
ResinTrap,431,7,4037,2001
ResinTrap,437,17,5551,2353
ResinTrap,438,7,5416,2470
ResinTrap,445,60,3781,2077
ResinTrap,445,7,3884,2058
ResinTrap,445,7,3787,2079
ResinTrap,446,43,3792,2116
ResinTrap,447,17,3787,2118
ResinTrap,448,7,3994,1647
ResinTrap,459,37,4034,1724
ResinTrap,466,7,3254,2129
ResinTrap,470,37,3865,2030
ResinTrap,470,23,3867,2025
ResinTrap,474,7,3808,2554
ResinTrap,474,7,3809,2551
ResinTrap,483,7,5634,2391
ResinTrap,485,7,4818,1881
ResinTrap,493,7,4773,1878
ResinTrap,495,35,3999,2405
ResinTrap,495,7,4009,2409
ResinTrap,496,27,3763,2124
ResinTrap,496,13,3761,2120
ResinTrap,496,7,4861,2214
ResinTrap,497,10,4750,1877
ResinTrap,498,77,3735,2033
ResinTrap,498,20,3735,2043
ResinTrap,498,7,4743,1877
ResinTrap,498,7,5542,2234
ResinTrap,499,7,4736,1877
ResinTrap,503,7,3997,2460
ResinTrap,504,30,3732,2027
ResinTrap,505,10,4663,1890
ResinTrap,505,7,3783,2628
ResinTrap,506,80,3732,2023
ResinTrap,506,7,3740,2026
ResinTrap,507,53,3847,2034
ResinTrap,507,10,4686,1877
ResinTrap,507,7,3856,2038
ResinTrap,509,23,3852,1567
ResinTrap,513,7,4898,2065
ResinTrap,515,14,5194,2269
ResinTrap,516,7,4878,2073
ResinTrap,518,23,4838,2082
ResinTrap,519,10,4853,2083
ResinTrap,520,29,5521,2689
ResinTrap,521,7,4598,1880
ResinTrap,523,10,4888,1949
ResinTrap,523,7,4810,2102
ResinTrap,524,7,4787,2112
ResinTrap,524,7,4782,2114
ResinTrap,526,14,5198,2301
ResinTrap,529,13,5556,2679
ResinTrap,529,12,5513,2680
ResinTrap,530,41,5513,2680
ResinTrap,530,7,5511,2672
ResinTrap,531,18,5511,2672
ResinTrap,534,12,3334,2178
ResinTrap,537,9,5222,2335
ResinTrap,547,13,5499,2671
ResinTrap,554,7,3995,2475
ResinTrap,555,23,5557,2670
ResinTrap,555,13,5560,2677
ResinTrap,558,10,5339,2403
ResinTrap,559,118,4233,2090
ResinTrap,560,37,5287,2544
ResinTrap,560,13,3379,2194
ResinTrap,561,13,4240,2105
ResinTrap,561,7,4239,2102
ResinTrap,564,10,4154,2026
ResinTrap,569,9,5390,2480
ResinTrap,570,13,5552,2712
ResinTrap,570,13,5557,2710
ResinTrap,571,13,3370,2174
ResinTrap,574,30,5757,2598
ResinTrap,583,7,4178,2063
ResinTrap,583,7,4181,2070
ResinTrap,585,7,3980,1831
ResinTrap,592,7,4038,1717
ResinTrap,594,10,4057,1722
ResinTrap,601,7,5489,2665
ResinTrap,604,13,3847,1863
ResinTrap,607,9,4361,1948
ResinTrap,610,18,4490,2030
ResinTrap,615,10,4507,2034
ResinTrap,615,7,4549,2046
ResinTrap,615,7,5368,2377
ResinTrap,616,7,5410,2261
ResinTrap,616,7,4516,2036
ResinTrap,616,7,4540,2043
ResinTrap,617,7,5430,2249
ResinTrap,618,7,5365,2415
ResinTrap,620,17,4436,1993
ResinTrap,632,18,3016,2103
ResinTrap,634,20,2974,2129
ResinTrap,635,17,3007,2099
ResinTrap,640,13,4450,2367
ResinTrap,641,7,3497,1647
ResinTrap,648,7,4170,1994
ResinTrap,652,7,4174,1989
ResinTrap,653,7,4228,1970
ResinTrap,654,7,4222,1971
ResinTrap,654,7,4177,1986
ResinTrap,655,7,4180,1984
ResinTrap,656,10,4183,1982
ResinTrap,656,7,4208,1974
ResinTrap,661,9,5393,2470
ResinTrap,661,7,5397,2508
ResinTrap,675,23,5416,2456
ResinTrap,685,48,4000,2352
ResinTrap,686,7,4005,2373
ResinTrap,688,38,3976,2344
ResinTrap,692,7,3019,2098
ResinTrap,694,7,4003,2363
ResinTrap,695,38,3059,2129
ResinTrap,696,13,3966,2347
ResinTrap,696,7,4041,2343
ResinTrap,698,7,2989,2116
ResinTrap,699,62,3050,2117
ResinTrap,700,38,3982,2343
ResinTrap,700,7,3989,2346
ResinTrap,704,43,3032,2115
ResinTrap,704,7,5433,2475
ResinTrap,704,7,5438,2477
ResinTrap,714,7,3027,2101
ResinTrap,714,7,3029,2106
ResinTrap,724,45,3027,2121
ResinTrap,724,7,3027,2128
ResinTrap,726,17,2972,2089
ResinTrap,727,32,2973,2092
ResinTrap,732,33,3098,2118
ResinTrap,733,45,3072,2087
ResinTrap,734,23,3094,2120
ResinTrap,734,13,3071,2096
ResinTrap,746,30,2997,2090
ResinTrap,746,7,2998,2092
ResinTrap,757,10,5590,2386
ResinTrap,763,9,3516,1798
ResinTrap,778,12,5682,2489
ResinTrap,779,12,5533,2586
ResinTrap,782,7,5595,2451
ResinTrap,784,18,5609,2450
ResinTrap,785,22,5594,2485
ResinTrap,790,23,5604,2513
ResinTrap,790,22,5614,2522
ResinTrap,792,14,5636,2528
ResinTrap,793,21,5592,2568
ResinTrap,811,35,2768,2100
ResinTrap,838,7,4104,2051
SuctionCup,0,266957,3845,1277
SuctionCup,0,266957,4278,3027
SuctionCup,0,266957,5577,2777
SuctionCup,0,266957,4711,1777
SuctionCup,0,266957,5577,2277
SuctionCup,0,266957,5144,1527
SuctionCup,0,266957,3845,2277
SuctionCup,0,266957,2979,1277
SuctionCup,0,266957,4711,2777
SuctionCup,0,266957,2979,1777
SuctionCup,0,266957,5577,1777
SuctionCup,0,266957,3845,2777
SuctionCup,0,266945,3268,1610
SuctionCup,0,266945,4134,1110
SuctionCup,0,266945,2835,1860
SuctionCup,0,266945,2835,2360
SuctionCup,0,266945,3268,1110
SuctionCup,0,266945,4567,2360
SuctionCup,0,266945,4567,1360
SuctionCup,0,266945,2835,1360
SuctionCup,0,266945,4567,2860
SuctionCup,0,266905,2690,2110
SuctionCup,0,266902,3123,1360
SuctionCup,0,266902,5288,1610
SuctionCup,0,266902,2690,1610
SuctionCup,0,266892,4711,2943
SuctionCup,0,266892,4711,2443
SuctionCup,0,266892,3412,1193
SuctionCup,0,266892,4711,1443
SuctionCup,0,266892,3412,1693
SuctionCup,0,266892,3412,2693
SuctionCup,0,266890,2979,2943
SuctionCup,0,266890,5577,2443
SuctionCup,0,266890,2979,2443
SuctionCup,0,266890,5577,1943
SuctionCup,0,266890,5144,1693
SuctionCup,0,266890,2546,1693
SuctionCup,0,266890,5144,2693
SuctionCup,0,266890,5577,2943
SuctionCup,0,266890,2546,2193
SuctionCup,0,266890,2979,1943
SuctionCup,0,266890,2979,1443
SuctionCup,0,266888,6010,2193
SuctionCup,0,266888,3845,2943
SuctionCup,0,266888,3845,1443
SuctionCup,0,266888,6010,2693
SuctionCup,0,266888,3845,2443
SuctionCup,0,266887,4278,2193
SuctionCup,0,266887,4278,1693
SuctionCup,0,266887,4278,2693
SuctionCup,0,266887,4278,1193
SuctionCup,0,266847,4855,1527
SuctionCup,0,266847,5721,2527
SuctionCup,0,266847,4855,2527
SuctionCup,0,266847,3556,1777
SuctionCup,0,266847,4422,2777
SuctionCup,0,266847,3556,2777
SuctionCup,0,266847,3123,1527
SuctionCup,0,266847,5721,3027
SuctionCup,0,266847,4855,3027
SuctionCup,0,266847,3556,1277
SuctionCup,0,266845,5000,2443
SuctionCup,0,266845,5000,1443
SuctionCup,0,266845,5000,2943
SuctionCup,0,266845,5433,2193
SuctionCup,0,266845,5433,2693
SuctionCup,0,266845,5433,1693
SuctionCup,0,266843,5866,2443
SuctionCup,0,266843,5866,1943
SuctionCup,0,266843,5866,2943
SuctionCup,0,266838,3268,1943
SuctionCup,0,266838,3268,2443
SuctionCup,0,266838,4567,1193
SuctionCup,0,266838,4567,2693
SuctionCup,0,266838,2835,2193
SuctionCup,0,266838,3268,2943
SuctionCup,0,266838,3268,1443
SuctionCup,0,266838,3701,1193
SuctionCup,0,266838,4134,1943
SuctionCup,0,266838,2835,1693
SuctionCup,0,266838,4134,2943
SuctionCup,0,266838,3701,2693
SuctionCup,0,266838,4567,1693
SuctionCup,0,266838,4134,1443
SuctionCup,0,266838,3701,1693
SuctionCup,0,266838,4134,2443
SuctionCup,0,266838,2835,2693
SuctionCup,0,266797,4855,2360
SuctionCup,0,266797,4855,2860
SuctionCup,0,266793,4855,1360
SuctionCup,0,266741,2546,2027
SuctionCup,0,266741,2546,1527
SuctionCup,0,266467,3556,2610
SuctionCup,0,266463,3556,1610
SuctionCup,0,266463,3556,1110
SuctionCup,0,266460,3556,2110
SuctionCup,0,266386,3845,2110
SuctionCup,0,266386,3845,2610
SuctionCup,0,266386,5577,2110
SuctionCup,0,266386,5577,2610
SuctionCup,0,266384,2546,1860
SuctionCup,0,266384,4711,2610
SuctionCup,0,266382,5577,1610
SuctionCup,0,266382,5144,1360
SuctionCup,0,266382,3412,1360
SuctionCup,0,266382,3845,1610
SuctionCup,0,266382,3845,1110
SuctionCup,0,266322,4567,3027
SuctionCup,0,266322,2835,2027
SuctionCup,0,266322,5000,1777
SuctionCup,0,266322,2835,1527
SuctionCup,0,266322,4567,1527
SuctionCup,0,266322,2835,2527
SuctionCup,0,266322,3268,1277
SuctionCup,0,266322,4567,2527
SuctionCup,0,266321,3701,3027
SuctionCup,0,266266,3556,1943
SuctionCup,0,266266,5866,2277
SuctionCup,0,266266,5866,2777
SuctionCup,0,266266,3556,1443
SuctionCup,0,266266,3556,2943
SuctionCup,0,266266,3556,2443
SuctionCup,0,266266,5866,1777
SuctionCup,0,266264,5721,2193
SuctionCup,0,266264,5721,1693
SuctionCup,0,266264,5721,2693
SuctionCup,0,266264,6154,2443
SuctionCup,0,266262,3989,2693
SuctionCup,0,266262,4422,2443
SuctionCup,0,266262,5288,2443
SuctionCup,0,266262,3989,2193
SuctionCup,0,266262,3123,1193
SuctionCup,0,266262,4422,1443
SuctionCup,0,266262,5288,1443
SuctionCup,0,266262,4855,1693
SuctionCup,0,266262,3123,1693
SuctionCup,0,266262,3123,2693
SuctionCup,0,266262,5288,2943
SuctionCup,0,266262,4855,2693
SuctionCup,0,266262,2690,1443
SuctionCup,0,266262,3989,1193
SuctionCup,0,266262,3123,2193
SuctionCup,0,266262,2690,1943
SuctionCup,0,266262,4422,2943
SuctionCup,0,266262,2690,2443
SuctionCup,0,265876,3123,2027
SuctionCup,0,265876,3123,2527
SuctionCup,0,265876,3123,3027
SuctionCup,0,265459,4422,1943
SuctionCup,0,265169,5288,2277
SuctionCup,0,265169,5288,2777
SuctionCup,0,264191,3701,1860
SuctionCup,0,263825,5866,2610
SuctionCup,0,263825,5866,2110
SuctionCup,0,261711,5288,1777
SuctionCup,0,261507,4134,1777
SuctionCup,0,261402,4134,2777
SuctionCup,0,261402,4134,2277
SuctionCup,0,261402,4134,1277
SuctionCup,0,260614,4278,2527
SuctionCup,0,260331,4278,2027
SuctionCup,0,260331,4278,1527
SuctionCup,0,258034,3989,1693
SuctionCup,0,257297,3123,2360
SuctionCup,0,257297,3123,1860
SuctionCup,0,257297,3123,2860
SuctionCup,0,257037,5288,2610
SuctionCup,0,255057,5144,2527
SuctionCup,0,253735,5144,3027
SuctionCup,0,253115,5144,2193
SuctionCup,0,251461,4567,2193
SuctionCup,0,250105,3268,1777
SuctionCup,0,250105,3268,2777
SuctionCup,0,250103,3268,2277
SuctionCup,0,249707,3989,1860
SuctionCup,0,248132,6010,2027
SuctionCup,0,246909,4278,2860
SuctionCup,0,244681,4134,2110
SuctionCup,0,244620,6154,2277
SuctionCup,0,244481,4134,1610
SuctionCup,0,244481,4134,2610
SuctionCup,0,244422,6010,3027
SuctionCup,0,241375,6010,2527
SuctionCup,0,241142,6154,2777
SuctionCup,0,239658,4279,2360
SuctionCup,0,239658,4279,1860
SuctionCup,0,239655,4279,1360
SuctionCup,0,236032,3412,3027
SuctionCup,0,234660,5000,2777
SuctionCup,0,232093,3412,2027
SuctionCup,0,232093,3412,1527
SuctionCup,0,232092,3412,2527
SuctionCup,0,227958,5433,1527
SuctionCup,0,226852,5144,2860
SuctionCup,0,226852,5144,2360
SuctionCup,0,225147,3989,2027
SuctionCup,0,224217,4422,1277
SuctionCup,0,221862,3270,2110
SuctionCup,0,221862,3270,2610
SuctionCup,0,221547,3989,3027
SuctionCup,0,219509,4422,2277
SuctionCup,0,219509,4422,1777
SuctionCup,0,218470,3556,2279
SuctionCup,0,217915,3701,2527
SuctionCup,0,217718,4711,1277
SuctionCup,0,216733,3989,2527
SuctionCup,0,216732,3989,1527
SuctionCup,0,215502,5288,2110
SuctionCup,0,214582,5433,2027
SuctionCup,0,213255,6010,2860
SuctionCup,0,209718,2690,2277
SuctionCup,0,209663,5433,2527
SuctionCup,0,209663,5433,3027
SuctionCup,0,209512,5288,1943
SuctionCup,0,208692,5000,2277
SuctionCup,0,208679,2690,1777
SuctionCup,0,208642,5721,2027
SuctionCup,0,208282,2979,2277
SuctionCup,0,208282,2979,2777
SuctionCup,0,207681,6154,2610
SuctionCup,0,207161,6013,2360
SuctionCup,0,205112,4711,2277
SuctionCup,0,203768,3845,1777
SuctionCup,0,200507,3701,1527
SuctionCup,243,20879,5467,2332
SuctionCup,424,42737,3806,2032
SuctionCup,424,15756,3788,2078
