Island,407,5,4661,3543
Island,457,1,5660,3430
Island,457,1,5659,3429
Island,458,39,5656,3422
Island,633,83,4727,3576
Island,644,1,4696,3518
Island,646,1,4696,3516
Island,760,270,5442,3441
Island,861,8,5166,3591
Island,898,10,5290,3611
Island,941,2,6010,3412
Island,1019,7,4460,3250
Island,1168,24,6175,3333
Island,1182,201,4510,3251
Island,1328,1,5009,3452
Island,1329,1,4413,3167
Island,1482,12,4605,3197
Island,1512,14,4149,2943
Island,1538,1,3352,2565
Island,1541,1,3648,2756
Island,1546,1,4762,3213
Island,1552,1,3643,2755
Island,1574,1,3535,2721
Island,1579,1,3247,2486
Island,1588,9,6442,3091
Island,1588,4,6439,3087
Island,1588,1,6441,3090
Island,1588,1,6438,3086
Island,1588,1,6437,3085
Island,1588,1,6436,3083
Island,1588,1,6435,3082
Island,1588,1,6434,3081
Island,1588,1,6431,3077
Island,1618,13,3217,2427
Island,1695,237,2895,1551
Island,1695,135,2818,1634
Island,1695,31,2857,1610
Island,1695,3,2847,1632
Island,1695,2,2852,1629
Island,1695,1,2851,1632
Island,1695,1,2854,1628
Island,1695,1,2855,1627
Island,1695,1,2856,1626
Island,1695,1,2857,1625
Island,1695,1,2859,1624
Island,1695,1,2860,1623
Island,1695,1,2933,1550
Island,1695,1,2934,1549
Island,1701,1,2655,1729
Island,1701,1,2772,1704
Island,1702,1,2661,1726
Island,1703,1,2668,1723
Island,1710,1,2638,1773
Island,1711,1,2632,1782
Island,1712,1,2618,1800
Island,1712,1,2619,1799
Island,1729,2,2891,1769
Island,1731,1,2948,1752
Island,1746,3,2773,1840
Island,1746,1,2775,1839
Island,1753,1,4049,1106
Island,1753,1,4051,1105
Island,1753,1,4052,1104
Island,1753,1,4053,1103
Island,1753,1,4055,1102
Island,1753,1,4056,1101
Island,1754,33,4039,1101
Island,1754,1,4037,1113
Island,1755,2,4023,1120
Island,1755,1,4021,1121
Island,1755,1,4096,1069
Island,1757,1,4105,1061
Island,1757,1,4106,1059
Island,1757,1,4107,1057
Island,1757,1,4108,1055
Island,1757,1,4109,1053
Island,1758,2,4110,1052
Island,1758,2,4111,1050
Island,1758,1,4112,1049
Island,1759,1,4113,1048
Island,1760,2,4113,1049
Island,1760,1,4114,1048
Island,1761,2,4114,1049
Island,1762,1,4115,1048
Island,1766,1,4119,1046
Island,1784,1,4138,1021
Island,1785,1,4139,1019
Island,1799,1,3486,1392
Island,1803,1,6509,2989
Island,1804,23,6508,2987
Island,1811,1,3539,2448
Island,1812,7,3537,2447
Island,1822,12,3036,1953
Island,1822,2,3044,1952
Island,1823,3,3058,1945
Island,1826,1,3577,1340
Island,1830,1,3592,1328
Island,1835,133,2907,1790
Island,1837,1,3622,1300
Island,1838,1,3627,1294
Island,1839,1,3650,1271
Island,1878,2,5727,2765
Island,1880,1,5727,2763
Island,1881,1,5727,2762
Island,1882,1,5727,2761
Island,1885,1,4043,941
Island,1885,1,4044,940
Island,1889,1,5727,2755
Island,1890,1,5727,2754
Island,1891,1,5727,2753
Island,1901,1,5725,2749
Island,1902,1,5725,2748
Island,1906,1,3219,1613
Island,1908,1,3227,1602
Island,1910,1,3236,1590
Island,1912,1,3245,1578
Island,1916,1,5724,2736
Island,1920,2,5724,2731
Island,1920,1,3337,1417
Island,1920,1,3536,1211
Island,1921,1,5724,2730
Island,1921,1,3540,1210
Island,1923,1,3676,1106
Island,1924,1,3673,1107
Island,1932,2,5722,2725
Island,1943,1,3419,1352
Island,1944,1,3102,1813
Island,1944,1,3103,1812
Island,1944,1,3436,1344
Island,1945,45,3100,1804
Island,1945,2,3454,1336
Island,1946,1,3476,1328
Island,1947,2,3493,1323
Island,1948,2,3507,1320
Island,1948,1,3125,1787
Island,1949,1,3130,1782
Island,1950,1,3135,1777
Island,1966,2,3529,1302
Island,1966,1,3531,1301
Island,1966,1,3533,1300
Island,1966,1,3535,1299
Island,1966,1,3537,1298
Island,1967,1,3211,1700
Island,1967,1,3563,1285
Island,1976,1,3249,1659
Island,2082,1,3698,2287
Island,2083,1,3697,2287
Island,2153,1,3729,1629
Island,2179,105,3726,1699
Island,2231,1,4569,2575
Island,2232,13,4568,2574
Island,2361,1,5300,2506
Island,2362,1,5293,2500
Island,2476,3,5517,2296
Island,2688,1,5682,1793
Island,3041,1,5294,1370
Island,3081,267,4896,1144
ResinTrap,15,9,2869,1770
ResinTrap,15,9,4369,1770
ResinTrap,15,9,4369,1270
ResinTrap,15,9,3869,1770
ResinTrap,15,9,3369,1270
ResinTrap,15,9,3869,2770
ResinTrap,15,9,6119,3520
ResinTrap,15,9,4869,1270
ResinTrap,15,9,4869,1770
ResinTrap,15,9,6369,2270
ResinTrap,15,9,5869,1770
ResinTrap,15,9,6369,2770
ResinTrap,15,9,3369,2770
ResinTrap,15,9,5369,2270
ResinTrap,15,9,3869,2270
ResinTrap,15,9,4369,2770
ResinTrap,15,9,3369,2270
ResinTrap,15,9,4869,3270
ResinTrap,15,9,4369,3270
ResinTrap,15,9,4869,3770
ResinTrap,15,9,5869,2270
ResinTrap,15,9,4369,2270
ResinTrap,15,9,6369,3270
ResinTrap,165,12,4369,3020
ResinTrap,165,12,5369,2520
ResinTrap,165,12,4869,3270
ResinTrap,165,9,5119,3770
ResinTrap,180,7,5866,3297
ResinTrap,189,7,4663,3531
ResinTrap,224,26,4631,3539
ResinTrap,231,7,4644,3533
ResinTrap,231,7,4641,3535
ResinTrap,238,7,4623,3538
