Island,200,1,4035,1066
Island,200,1,4036,1065
Island,201,2,4025,1087
Island,201,2,4026,1085
Island,201,1,4023,1092
Island,201,1,4024,1090
Island,201,1,4041,1058
Island,202,2,4021,1098
Island,202,1,4020,1101
Island,202,1,4045,1053
Island,203,1,4019,1106
Island,206,1,4014,1121
Island,206,1,4015,1120
Island,207,1,4011,1126
Island,214,1,4006,1142
Island,214,1,4031,1024
Island,216,1,4005,1147
Island,218,1,4002,1157
Island,219,1,4001,1161
Island,237,2,3933,1503
Island,238,3,3960,1377
Island,239,2,3958,1397
Island,240,2,3957,1411
Island,241,2,3956,1424
Island,242,2,3955,1437
Island,259,1,3936,1803
Island,265,1,3941,1822
Island,282,1,3949,1869
Island,290,19,3619,1804
Island,291,1,3952,1875
Island,304,1,3956,1862
Island,332,68,3658,1994
Island,492,74,4432,3352
Island,492,46,4482,3268
Island,492,2,4489,3308
Island,493,262,4480,3293
Island,510,99,4588,3245
Island,513,63,4737,1025
Island,513,3,4777,1031
Island,513,2,4782,1032
Island,513,1,4775,1030
Island,515,2,4813,1040
Island,515,1,4818,1042
Island,515,1,4816,1041
Island,515,1,4811,1039
Island,518,1,4845,1054
Island,518,1,4843,1053
Island,518,1,4842,1052
Island,518,1,4840,1051
Island,518,1,4654,1012
Island,519,4,4639,1010
Island,519,2,4859,1063
Island,519,2,4634,1009
Island,520,29,4616,1006
Island,520,12,4594,1003
Island,520,2,4591,1002
Island,521,1,4872,1069
Island,523,2,4883,1075
Island,524,1,4891,1079
Island,525,2,4895,1082
Island,526,1,4902,1086
Island,527,2,4906,1089
Island,528,1,4913,1093
Island,529,1,4917,1096
Island,530,2,4919,1098
Island,531,2,4923,1101
Island,531,1,4293,1268
Island,532,1,4296,1263
Island,535,10,4737,1287
Island,539,440,4886,980
Island,539,11,4949,1125
Island,544,1,4783,1302
Island,545,1,4787,1304
Island,547,1,4793,1307
Island,549,1,4799,1310
Island,550,1,4803,1312
Island,551,1,4807,1314
Island,551,1,4467,1178
Island,553,1,4813,1317
Island,554,1,4817,1319
Island,554,1,4377,1195
Island,555,28,4588,1247
Island,555,12,4572,1235
Island,555,1,4638,1279
Island,556,1,4823,1322
Island,556,1,4394,1191
Island,557,1,4825,1323
Island,558,1,4829,1325
Island,559,1,4831,1326
Island,562,1,4839,1330
Island,563,1,4841,1331
Island,565,2,4805,2874
Island,566,2,4798,2882
Island,569,1,4852,1336
Island,570,1,4853,2843
Island,572,1,4605,2293
Island,572,1,4857,1338
Island,576,1,4815,2539
Island,580,24,4740,2253
Island,587,349,4162,2314
Island,588,1,4968,1266
Island,589,1,4859,2529
Island,605,128,4518,1913
Island,610,1,4052,2393
Island,612,17,4505,1869
Island,613,5,4537,1910
Island,617,43,4435,1919
Island,630,6,4378,1988
Island,635,1,4615,898
Island,637,74,4012,1670
Island,640,30,4386,2035
Island,642,86,4349,1939
Island,642,1,4768,2227
Island,643,116,4936,2518
Island,646,1,4403,2060
Island,648,3,4358,2029
Island,649,33,4354,2027
Island,650,59,4957,2519
Island,652,79,4399,1837
Island,652,4,4363,2044
Island,654,4,4515,2847
Island,654,1,4514,2846
Island,663,19,4359,2049
Island,667,127,4410,2072
Island,673,231,3935,1912
Island,675,1,4995,1519
Island,676,1,4997,1522
Island,677,1,5000,1526
Island,677,1,4999,1525
Island,677,1,4998,1524
Island,678,1,5001,1528
Island,679,1,5003,1530
Island,680,1,5004,1532
Island,681,1,5006,1534
Island,683,1,5008,1537
Island,684,1,5009,1538
Island,685,1,5010,1539
Island,686,1,5012,1541
Island,689,1,5016,1544
Island,690,1,5017,1545
Island,692,2,4420,1855
Island,693,2,5022,1548
Island,694,2,5024,1549
Island,697,2,5031,1552
Island,698,2,5034,1553
Island,706,2,5051,1551
Island,773,53,4858,2905
Island,775,9,4883,3008
Island,776,129,4877,3000
Island,777,441,4873,2873
Island,778,12,2412,1624
Island,782,10,4809,2478
Island,792,1,2956,2626
Island,818,25,4989,2771
Island,818,1,4988,2781
Island,928,1,5088,3476
Island,943,1,5206,3452
Island,1101,1,5434,1860
Island,1111,1,6189,2375
Island,1143,250,2888,3173
Island,1165,157,6016,2362
ResinTrap,24,24,4651,1846
ResinTrap,24,23,4262,2624
ResinTrap,24,23,2512,1263
ResinTrap,24,23,4845,1652
ResinTrap,24,23,6206,2624
ResinTrap,24,23,4456,1263
ResinTrap,24,23,5234,1652
ResinTrap,24,23,2901,2819
ResinTrap,24,23,2706,2624
ResinTrap,24,23,3095,3402
ResinTrap,24,23,5234,1263
ResinTrap,24,23,3095,2624
ResinTrap,24,23,2512,1652
ResinTrap,24,23,2901,2430
ResinTrap,24,23,4845,2041
ResinTrap,24,23,3095,3013
ResinTrap,24,23,2901,1652
ResinTrap,24,23,3290,2430
ResinTrap,24,23,2123,1652
ResinTrap,24,23,5040,2041
ResinTrap,24,23,4651,3013
ResinTrap,24,23,3873,2430
ResinTrap,24,23,5040,2235
ResinTrap,24,22,5234,3208
ResinTrap,24,22,6206,3013
ResinTrap,24,22,5817,2235
ResinTrap,24,22,2706,3013
ResinTrap,24,22,5429,3402
ResinTrap,24,22,2317,1458
ResinTrap,24,22,4456,1652
ResinTrap,24,22,3679,2430
ResinTrap,24,12,5818,1847
ResinTrap,182,7,4022,1051
ResinTrap,226,24,5428,1458
ResinTrap,226,24,2317,1652
ResinTrap,226,24,5623,1846
ResinTrap,226,24,5817,2041
ResinTrap,226,23,6206,2235
ResinTrap,226,23,3095,2624
ResinTrap,226,23,2901,3013
ResinTrap,226,23,2512,1263
ResinTrap,226,23,5040,2041
ResinTrap,226,23,6012,2624
ResinTrap,226,23,5040,1652
ResinTrap,226,23,6012,3013
ResinTrap,226,23,6206,2624
ResinTrap,226,23,6012,3402
ResinTrap,226,23,3290,3402
ResinTrap,226,23,6401,2624
ResinTrap,226,23,6401,3013
ResinTrap,226,23,2901,2819
ResinTrap,226,23,5234,3402
ResinTrap,226,22,6206,2430
ResinTrap,226,22,6206,2819
ResinTrap,226,22,5817,3013
ResinTrap,226,22,6012,2235
ResinTrap,226,22,2706,1263
ResinTrap,226,22,2706,2819
ResinTrap,226,22,5429,1846
ResinTrap,226,22,2317,1458
ResinTrap,226,22,5429,2041
ResinTrap,226,22,6206,3208
ResinTrap,226,22,3095,3208
ResinTrap,226,22,5429,1652
ResinTrap,226,22,2512,1458
ResinTrap,226,22,5234,1846
ResinTrap,226,22,2901,1458
ResinTrap,226,22,5817,2235
ResinTrap,226,22,6206,3013
ResinTrap,226,22,5234,3596
ResinTrap,226,12,5818,1847
ResinTrap,229,22,3097,2240
ResinTrap,234,14,4857,1057
ResinTrap,238,7,3114,2222
ResinTrap,241,7,4653,1280
ResinTrap,243,7,3895,2053
ResinTrap,247,12,4824,2425
ResinTrap,251,7,4293,1250
ResinTrap,252,7,4819,2436
ResinTrap,252,7,4290,1259
ResinTrap,254,31,4622,2434
ResinTrap,254,28,2710,2012
ResinTrap,254,10,4655,1041
ResinTrap,254,7,4623,2045
ResinTrap,255,7,4621,2050
ResinTrap,255,7,4618,2055
ResinTrap,256,7,4878,1078
ResinTrap,257,9,4467,2592
ResinTrap,260,36,4647,2465
ResinTrap,261,38,4423,1053
ResinTrap,262,13,4637,2472
ResinTrap,262,10,4838,2468
ResinTrap,264,33,4649,2392
ResinTrap,264,10,2691,2022
ResinTrap,264,7,4637,2085
ResinTrap,264,7,4654,2469
ResinTrap,265,19,2715,2044
ResinTrap,265,18,4223,1465
ResinTrap,265,7,4856,1111
ResinTrap,267,7,4658,2389
ResinTrap,269,9,4503,2612
ResinTrap,270,38,4262,1256
ResinTrap,270,7,4406,1054
ResinTrap,271,7,4602,2416
ResinTrap,272,15,4427,1064
ResinTrap,272,7,2714,2038
ResinTrap,272,7,2710,2028
ResinTrap,274,7,2711,2030
ResinTrap,274,7,2713,2035
ResinTrap,275,7,4457,1070
ResinTrap,279,10,4705,2424
ResinTrap,280,18,4031,1855
ResinTrap,280,7,4252,1260
ResinTrap,284,23,4419,1076
ResinTrap,285,7,4643,3235
ResinTrap,286,52,4458,3402
ResinTrap,286,13,4036,1820
ResinTrap,288,20,4462,2687
ResinTrap,291,7,4475,3389
ResinTrap,292,13,4471,3390
ResinTrap,295,47,3834,2029
ResinTrap,295,17,3876,2110
ResinTrap,295,7,3881,2111
ResinTrap,295,7,2742,2039
ResinTrap,299,39,4625,2387
ResinTrap,299,20,4457,1049
ResinTrap,300,23,4683,1066
ResinTrap,300,7,4686,1069
ResinTrap,305,49,4633,2453
ResinTrap,306,16,4462,2612
ResinTrap,307,57,4646,2417
ResinTrap,309,69,4653,2437
ResinTrap,311,45,4681,2407
ResinTrap,311,7,3870,2085
ResinTrap,312,7,3868,2089
ResinTrap,314,48,4664,2443
ResinTrap,315,27,3845,2054
ResinTrap,315,7,4638,2469
ResinTrap,316,40,4657,2405
ResinTrap,316,20,4637,2466
ResinTrap,317,70,4685,2431
ResinTrap,319,7,4469,2605
ResinTrap,320,23,4694,1049
ResinTrap,320,7,4693,1054
ResinTrap,320,7,4634,2414
ResinTrap,320,7,4638,2415
ResinTrap,320,7,4473,2597
ResinTrap,325,13,4600,2375
ResinTrap,326,7,4676,3184
ResinTrap,329,7,4843,2409
ResinTrap,330,18,4868,1103
ResinTrap,331,7,4838,2410
ResinTrap,331,7,4446,3423
ResinTrap,331,7,4423,3363
ResinTrap,331,7,4643,2449
ResinTrap,333,12,3803,2014
ResinTrap,334,7,4681,2439
ResinTrap,335,7,4617,2419
ResinTrap,337,7,4690,2419
ResinTrap,338,7,4618,2418
ResinTrap,339,7,4621,2416
ResinTrap,340,30,4658,2384
ResinTrap,341,23,4433,3393
ResinTrap,341,18,4509,2618
ResinTrap,348,7,4507,2591
ResinTrap,349,13,4620,2082
ResinTrap,350,7,4612,2079
ResinTrap,351,7,4470,2678
ResinTrap,356,7,4614,2082
ResinTrap,358,10,4630,2044
ResinTrap,361,22,4641,2061
ResinTrap,368,18,4493,3544
ResinTrap,371,30,4489,2619
ResinTrap,371,7,4487,2618
ResinTrap,379,7,4486,3577
ResinTrap,381,7,4617,2384
ResinTrap,382,7,4821,2468
ResinTrap,382,7,4488,3576
ResinTrap,383,7,4491,3575
ResinTrap,400,7,4673,2495
ResinTrap,402,13,4462,3343
ResinTrap,403,7,4677,2487
ResinTrap,414,30,4706,2487
ResinTrap,414,7,4608,3554
ResinTrap,416,7,4474,2655
ResinTrap,422,7,4477,2657
ResinTrap,428,23,6401,2624
ResinTrap,428,23,6012,2041
ResinTrap,428,23,5234,1652
ResinTrap,428,23,5623,2041
ResinTrap,428,23,3095,3013
ResinTrap,428,22,2706,1263
ResinTrap,428,22,2512,1458
ResinTrap,428,22,6012,2235
ResinTrap,428,22,2901,2819
ResinTrap,428,22,3095,3402
ResinTrap,428,22,6401,2819
ResinTrap,428,22,2901,3208
ResinTrap,428,22,6012,2624
ResinTrap,428,22,2706,3013
ResinTrap,428,19,3290,3596
ResinTrap,428,19,3290,3208
ResinTrap,428,12,6207,2236
ResinTrap,438,7,4562,2372
ResinTrap,442,7,4561,2370
ResinTrap,442,7,4060,2032
ResinTrap,443,7,4563,2364
ResinTrap,444,15,3685,2232
ResinTrap,446,7,4836,2259
ResinTrap,448,7,4852,2639
ResinTrap,449,32,4835,2817
ResinTrap,449,13,5063,1840
ResinTrap,450,34,4463,2442
ResinTrap,453,27,4435,2239
ResinTrap,453,15,4856,1445
ResinTrap,453,7,4461,2448
ResinTrap,454,10,4858,1438
ResinTrap,454,7,5010,2439
ResinTrap,455,7,5008,1832
ResinTrap,456,20,3670,2225
ResinTrap,456,7,4461,2058
ResinTrap,456,7,4443,2214
ResinTrap,457,10,3663,2262
ResinTrap,458,7,4847,2807
ResinTrap,458,7,4857,2439
ResinTrap,459,7,4849,2803
ResinTrap,460,35,4472,2048
ResinTrap,461,27,4638,2257
ResinTrap,464,22,4649,2218
ResinTrap,464,13,5039,1812
ResinTrap,464,13,4451,2249
ResinTrap,465,7,4446,2247
ResinTrap,466,7,5015,2435
ResinTrap,466,7,5018,2433
ResinTrap,466,7,5036,1809
ResinTrap,468,13,4437,2222
ResinTrap,468,7,3317,2258
ResinTrap,469,7,4449,1247
ResinTrap,469,7,5031,1805
ResinTrap,470,40,5040,2827
ResinTrap,472,27,5061,2831
ResinTrap,472,10,4860,1466
ResinTrap,473,10,4886,1456
ResinTrap,474,10,4834,2971
ResinTrap,474,7,4497,2459
ResinTrap,475,7,5069,2827
ResinTrap,476,39,4623,2793
ResinTrap,476,13,4624,2798
ResinTrap,476,7,3120,2432
ResinTrap,476,7,3118,2435
ResinTrap,478,7,4457,2209
ResinTrap,478,7,5007,2458
ResinTrap,479,32,4863,1479
ResinTrap,479,20,5038,2815
ResinTrap,479,12,4864,1483
ResinTrap,480,15,4444,1862
ResinTrap,480,10,4674,2809
ResinTrap,480,7,3290,2270
ResinTrap,480,7,5008,2463
ResinTrap,481,10,3289,2273
ResinTrap,482,13,4797,2496
ResinTrap,483,7,4616,2806
ResinTrap,486,7,4661,2268
ResinTrap,488,10,4445,1853
ResinTrap,489,28,4216,1353
ResinTrap,490,17,4214,1358
ResinTrap,492,7,4216,1379
ResinTrap,493,7,5033,2853
ResinTrap,493,7,5034,2848
ResinTrap,494,10,4622,2836
ResinTrap,495,13,4878,1495
ResinTrap,497,39,5028,1826
ResinTrap,497,10,4838,2469
ResinTrap,499,25,4859,1504
ResinTrap,502,7,4651,2249
ResinTrap,502,7,3087,2425
ResinTrap,503,13,3285,1904
ResinTrap,503,7,4654,2241
ResinTrap,505,7,4652,2247
ResinTrap,506,57,4457,2829
ResinTrap,507,10,4894,2412
ResinTrap,508,27,4633,2799
ResinTrap,508,7,5050,3018
ResinTrap,511,10,5031,1812
ResinTrap,517,7,4674,2235
ResinTrap,518,27,4462,2818
ResinTrap,519,20,4677,2236
ResinTrap,520,7,4842,1483
ResinTrap,522,13,4612,1997
ResinTrap,525,7,4605,1999
ResinTrap,527,7,4607,1997
ResinTrap,536,17,4592,2687
ResinTrap,550,7,4492,2409
ResinTrap,551,10,5045,1826
ResinTrap,552,7,4587,1219
ResinTrap,554,25,4386,1868
ResinTrap,556,10,5019,1795
ResinTrap,558,12,4865,2200
ResinTrap,558,9,4646,2773
ResinTrap,588,7,4647,2750
ResinTrap,589,7,4481,2055
ResinTrap,591,7,5054,1816
ResinTrap,593,7,4369,1905
ResinTrap,595,7,4949,2692
ResinTrap,595,7,4951,2697
ResinTrap,613,7,4406,2341
ResinTrap,615,7,4438,2887
ResinTrap,616,7,4441,2895
ResinTrap,629,7,4842,2436
ResinTrap,630,22,3095,3402
ResinTrap,630,19,6012,2235
ResinTrap,630,14,3095,3208
ResinTrap,632,35,4421,1284
ResinTrap,632,7,4842,2430
ResinTrap,634,23,4664,2755
ResinTrap,634,12,4840,2423
ResinTrap,635,7,4838,2417
ResinTrap,637,7,4838,2412
ResinTrap,639,7,4838,2407
ResinTrap,640,23,4829,2376
ResinTrap,640,13,4828,2371
ResinTrap,641,7,4833,2387
ResinTrap,642,13,4835,2390
ResinTrap,642,13,4839,2402
ResinTrap,643,103,4841,2396
ResinTrap,643,40,4837,2391
ResinTrap,644,68,4842,2405
ResinTrap,645,7,4840,2399
ResinTrap,650,7,4848,2416
ResinTrap,651,22,4548,2403
ResinTrap,656,7,2735,1466
ResinTrap,658,7,4536,2380
ResinTrap,659,57,4933,2508
ResinTrap,660,77,4944,2547
ResinTrap,660,20,4671,2580
ResinTrap,660,12,4608,2159
ResinTrap,660,7,4670,2577
ResinTrap,660,7,4674,2588
ResinTrap,660,7,4673,2585
ResinTrap,661,58,4910,2502
ResinTrap,662,21,2522,1658
ResinTrap,664,16,4596,2147
ResinTrap,664,13,4354,2028
ResinTrap,664,10,4920,2500
ResinTrap,666,7,5027,1864
ResinTrap,667,23,4947,2547
ResinTrap,667,23,4936,2506
ResinTrap,667,10,4939,2506
ResinTrap,667,7,4831,1844
ResinTrap,670,12,4442,2453
ResinTrap,670,7,4451,2441
ResinTrap,670,7,4867,2433
ResinTrap,670,7,4842,1882
ResinTrap,671,13,4948,2547
ResinTrap,671,7,2690,1472
ResinTrap,671,7,4878,2455
ResinTrap,672,18,2507,1652
ResinTrap,672,13,4872,2442
ResinTrap,672,7,4876,2451
ResinTrap,673,7,2513,1655
ResinTrap,677,7,4602,2133
ResinTrap,677,7,2504,1648
ResinTrap,678,7,2500,1640
ResinTrap,678,7,4787,2063
ResinTrap,680,7,2502,1644
ResinTrap,681,7,4590,2071
ResinTrap,685,23,2869,1655
ResinTrap,687,7,4586,2059
ResinTrap,688,7,2692,2628
ResinTrap,690,7,2694,2629
ResinTrap,693,39,5211,3225
ResinTrap,693,12,2640,1472
ResinTrap,693,7,4911,2486
ResinTrap,697,13,4784,2056
ResinTrap,698,44,4922,2500
ResinTrap,699,7,4908,2477
ResinTrap,700,38,3808,2057
ResinTrap,700,7,3811,2054
ResinTrap,701,7,5215,3235
ResinTrap,702,7,4911,2480
ResinTrap,703,20,4671,2581
ResinTrap,704,17,4782,2047
ResinTrap,704,13,4912,2481
ResinTrap,704,7,4782,2051
ResinTrap,705,7,4968,1833
ResinTrap,705,7,5115,3397
ResinTrap,706,7,5398,3395
ResinTrap,708,7,4032,2361
ResinTrap,709,27,4916,2489
ResinTrap,711,7,4615,2560
ResinTrap,712,13,4918,2494
ResinTrap,713,31,4693,2615
ResinTrap,714,7,4919,2497
ResinTrap,717,20,4530,2033
ResinTrap,717,7,4543,2080
ResinTrap,718,7,4531,2056
ResinTrap,720,33,4532,2012
ResinTrap,724,12,4469,2057
ResinTrap,725,14,4481,1927
ResinTrap,726,7,5402,3403
ResinTrap,731,25,4773,2089
ResinTrap,731,7,4777,2091
ResinTrap,734,7,4386,1943
ResinTrap,735,7,4393,1929
ResinTrap,736,20,4824,1785
ResinTrap,737,10,4447,1932
ResinTrap,737,10,4501,1983
ResinTrap,738,7,4827,1791
ResinTrap,739,17,4733,2674
ResinTrap,740,12,4825,1787
ResinTrap,742,7,2639,1480
ResinTrap,743,41,4434,1941
ResinTrap,743,7,2718,1478
ResinTrap,745,7,2712,1480
ResinTrap,748,35,4423,1971
ResinTrap,752,20,4755,2687
ResinTrap,752,7,4762,2691
ResinTrap,753,7,4801,2902
ResinTrap,759,7,2330,1606
ResinTrap,761,7,4956,2582
ResinTrap,777,7,5358,3411
ResinTrap,779,7,4716,2729
ResinTrap,784,35,4863,2561
ResinTrap,784,7,5071,3515
ResinTrap,790,20,5121,3392
ResinTrap,807,12,4969,2889
ResinTrap,807,7,4967,2886
ResinTrap,808,13,4965,2882
ResinTrap,808,7,4909,2778
ResinTrap,809,33,4914,2787
ResinTrap,810,7,4922,2802
ResinTrap,811,12,4785,2723
ResinTrap,811,7,4980,2899
ResinTrap,811,7,4978,2896
ResinTrap,811,7,4789,2728
ResinTrap,817,18,4499,2217
ResinTrap,817,13,4949,2828
ResinTrap,818,13,4959,2846
ResinTrap,819,13,2743,1531
ResinTrap,819,7,4967,2858
ResinTrap,820,7,4474,2258
ResinTrap,823,20,4482,2237
ResinTrap,823,7,4480,2246
ResinTrap,823,7,4481,2243
ResinTrap,825,7,4996,2893
ResinTrap,826,13,4994,2885
ResinTrap,829,12,5002,2803
ResinTrap,844,28,4971,2895
ResinTrap,851,18,4555,2319
ResinTrap,856,7,4182,1484
ResinTrap,857,23,4091,1659
ResinTrap,858,7,5434,2015
ResinTrap,859,7,6020,2428
ResinTrap,859,7,5441,1878
ResinTrap,860,10,2697,2995
ResinTrap,864,7,4734,2089
ResinTrap,865,10,4727,2087
ResinTrap,869,7,5203,1662
ResinTrap,870,12,2711,2997
ResinTrap,875,12,2901,3055
ResinTrap,875,10,5862,2048
ResinTrap,876,42,5834,3217
ResinTrap,876,7,5479,2026
ResinTrap,878,25,5249,1848
ResinTrap,879,48,6035,3008
ResinTrap,879,7,2910,3062
ResinTrap,882,10,2704,1470
ResinTrap,882,7,5832,3226
ResinTrap,883,7,5207,1832
ResinTrap,884,7,2892,3067
ResinTrap,885,43,2902,3030
ResinTrap,885,27,5828,3203
ResinTrap,886,25,2898,3041
ResinTrap,886,7,2788,1575
ResinTrap,887,10,2902,3025
ResinTrap,887,7,2707,2962
ResinTrap,888,27,5240,1829
ResinTrap,889,10,5243,1834
ResinTrap,890,7,6044,2994
ResinTrap,893,27,6215,2812
ResinTrap,894,36,6028,3026
ResinTrap,894,12,5234,1823
ResinTrap,897,62,5987,3048
ResinTrap,897,44,6000,3045
ResinTrap,897,23,5817,3199
ResinTrap,900,43,6011,3030
ResinTrap,901,33,6215,2854
ResinTrap,901,9,6219,2854
ResinTrap,901,7,5815,3198
ResinTrap,902,7,5822,2198
ResinTrap,902,7,5812,3196
ResinTrap,903,18,6191,2401
ResinTrap,905,18,5839,3186
ResinTrap,905,7,5821,2194
ResinTrap,908,12,2861,3046
ResinTrap,908,7,6007,3040
ResinTrap,908,7,2859,3050
ResinTrap,909,7,6060,3016
ResinTrap,911,46,6231,2834
ResinTrap,911,7,5861,3410
ResinTrap,911,7,6063,3017
ResinTrap,911,7,6061,2833
ResinTrap,912,7,6223,2849
ResinTrap,912,7,5246,1873
ResinTrap,914,18,6008,3064
ResinTrap,914,7,5249,1867
ResinTrap,915,7,5858,3408
ResinTrap,916,12,5466,2011
ResinTrap,918,7,6226,2820
ResinTrap,919,7,6043,3047
ResinTrap,922,7,6228,2823
ResinTrap,923,13,6044,3176
ResinTrap,924,23,6222,2418
ResinTrap,927,18,6001,3021
ResinTrap,932,23,5823,2034
ResinTrap,935,30,6021,2369
ResinTrap,935,7,2929,3046
ResinTrap,937,7,5104,3471
ResinTrap,937,7,2872,3021
ResinTrap,937,7,5090,3472
ResinTrap,938,4875,5074,3454
ResinTrap,938,25,6100,2979
ResinTrap,938,13,6103,2981
ResinTrap,938,10,5109,3470
ResinTrap,938,7,6238,2876
ResinTrap,939,17,2874,3022
ResinTrap,939,13,5114,3469
ResinTrap,940,10,5120,3468
ResinTrap,942,7,6242,2879
ResinTrap,943,7,5127,3466
ResinTrap,944,7,5266,1799
ResinTrap,947,30,6088,3143
ResinTrap,948,7,2865,3062
ResinTrap,949,7,5137,3462
ResinTrap,951,20,5133,3461
ResinTrap,953,53,5129,3459
ResinTrap,955,32,5128,3236
ResinTrap,955,7,5140,3459
ResinTrap,957,28,5165,3237
ResinTrap,959,7,5216,1853
ResinTrap,963,7,5224,1850
ResinTrap,964,13,5218,1852
ResinTrap,965,13,5451,2034
ResinTrap,965,7,5079,3460
ResinTrap,968,7,5085,3458
ResinTrap,969,142,5440,2021
ResinTrap,969,10,5090,3457
ResinTrap,971,7,5102,3455
ResinTrap,976,7,6082,2808
ResinTrap,983,7,5862,2062
ResinTrap,995,7,5447,2013
ResinTrap,1032,7,6207,2861
ResinTrap,1055,10,5541,1933
ResinTrap,1085,23,2926,3208
ResinTrap,1217,7,6173,2367
SuctionCup,0,266975,4850,3540
SuctionCup,0,266975,4850,3040
SuctionCup,0,266973,3984,3040
SuctionCup,0,266973,3551,1290
SuctionCup,0,266973,5283,2290
SuctionCup,0,266973,5283,2790
SuctionCup,0,266973,3551,2790
SuctionCup,0,266973,3984,540
SuctionCup,0,266973,3551,3290
SuctionCup,0,266973,3118,3540
SuctionCup,0,266973,6149,2290
SuctionCup,0,266973,3118,1540
SuctionCup,0,266973,3551,2290
SuctionCup,0,266973,5283,1290
SuctionCup,0,266973,6149,2790
SuctionCup,0,266973,2685,1290
SuctionCup,0,266973,3118,3040
SuctionCup,0,266973,3118,2040
SuctionCup,0,266973,3118,1040
SuctionCup,0,266973,2252,1540
SuctionCup,0,266973,5283,3290
SuctionCup,0,266973,3551,790
SuctionCup,0,266973,2685,2290
SuctionCup,0,266973,3984,3540
SuctionCup,0,266972,5716,3040
SuctionCup,0,266972,5716,1540
SuctionCup,0,266972,5716,2040
SuctionCup,0,266955,4706,2290
SuctionCup,0,266955,4706,1290
SuctionCup,0,266955,4706,3290
SuctionCup,0,266953,3840,790
SuctionCup,0,266953,2541,1540
SuctionCup,0,266953,2541,2540
SuctionCup,0,266953,6005,2540
SuctionCup,0,266953,2974,1790
SuctionCup,0,266953,2974,3290
SuctionCup,0,266953,2974,2290
SuctionCup,0,266953,4273,1040
SuctionCup,0,266953,4273,3040
SuctionCup,0,266953,5572,2290
SuctionCup,0,266953,3840,1790
SuctionCup,0,266953,6005,3040
SuctionCup,0,266953,5572,2790
SuctionCup,0,266953,3840,2790
SuctionCup,0,266953,2541,3040
SuctionCup,0,266953,2541,2040
SuctionCup,0,266953,4273,540
SuctionCup,0,266953,3407,1540
SuctionCup,0,266953,6438,2290
SuctionCup,0,266953,2541,1040
SuctionCup,0,266953,5572,1290
SuctionCup,0,266953,6438,2790
SuctionCup,0,266953,3840,3290
SuctionCup,0,266953,2108,2290
SuctionCup,0,266953,3407,3540
SuctionCup,0,266953,2974,1290
SuctionCup,0,266953,3407,3040
SuctionCup,0,266953,3407,2040
SuctionCup,0,266953,5139,3040
SuctionCup,0,266953,5283,1790
SuctionCup,0,266953,2108,1790
SuctionCup,0,266953,3407,1040
SuctionCup,0,266953,5572,1790
SuctionCup,0,266953,6005,2040
SuctionCup,0,266953,5572,3290
SuctionCup,0,266952,4273,1540
SuctionCup,0,266948,5283,1957
SuctionCup,0,266948,3984,3207
SuctionCup,0,266948,6149,1957
SuctionCup,0,266948,3118,1707
SuctionCup,0,266948,6149,2457
SuctionCup,0,266948,3984,3707
SuctionCup,0,266948,6149,3457
SuctionCup,0,266948,4850,1707
SuctionCup,0,266948,4706,790
SuctionCup,0,266948,2252,2207
SuctionCup,0,266948,4850,707
SuctionCup,0,266948,5283,957
SuctionCup,0,266948,4850,3707
SuctionCup,0,266948,3118,3207
SuctionCup,0,266948,3551,1457
SuctionCup,0,266948,3118,2707
SuctionCup,0,266948,3551,2957
SuctionCup,0,266948,2685,2457
SuctionCup,0,266948,3984,1707
SuctionCup,0,266948,5283,2457
SuctionCup,0,266948,3118,1207
SuctionCup,0,266948,3984,707
SuctionCup,0,266948,3551,957
SuctionCup,0,266948,3551,2457
SuctionCup,0,266948,3984,2707
SuctionCup,0,266948,5283,3457
SuctionCup,0,266948,5283,1457
SuctionCup,0,266948,3551,3457
SuctionCup,0,266947,5716,3207
SuctionCup,0,266947,5716,2707
SuctionCup,0,266947,5716,1707
SuctionCup,0,266940,4561,540
SuctionCup,0,266938,3262,1290
SuctionCup,0,266938,5427,3040
SuctionCup,0,266938,5860,1790
SuctionCup,0,266938,5860,3290
SuctionCup,0,266938,4128,1290
SuctionCup,0,266938,3262,3290
SuctionCup,0,266938,6293,3040
SuctionCup,0,266938,5427,1540
SuctionCup,0,266938,2829,3040
SuctionCup,0,266938,2396,1290
SuctionCup,0,266938,1963,1540
SuctionCup,0,266938,3695,3540
SuctionCup,0,266938,4128,3290
SuctionCup,0,266938,3695,3040
SuctionCup,0,266938,3695,1040
SuctionCup,0,266937,6293,2040
SuctionCup,0,266937,4128,790
SuctionCup,0,266937,1963,2040
SuctionCup,0,266937,3262,2790
SuctionCup,0,266937,6293,2540
SuctionCup,0,266937,5860,2290
SuctionCup,0,266937,5860,2790
SuctionCup,0,266937,4128,2790
SuctionCup,0,266937,4128,2290
SuctionCup,0,266937,3262,790
SuctionCup,0,266937,5427,2540
SuctionCup,0,266937,2396,2290
SuctionCup,0,266937,3695,2040
SuctionCup,0,266932,5427,2040
SuctionCup,0,266932,2108,1290
SuctionCup,0,266930,5283,2957
SuctionCup,0,266915,4706,2790
SuctionCup,0,266908,5283,2623
SuctionCup,0,266908,5283,1123
SuctionCup,0,266908,5283,1623
SuctionCup,0,266908,5283,3123
SuctionCup,0,266907,5283,2123
SuctionCup,0,266907,3262,2290
SuctionCup,0,266905,6149,3123
SuctionCup,0,266905,2252,1873
SuctionCup,0,266905,3118,1373
SuctionCup,0,266905,3551,3623
SuctionCup,0,266905,2685,1123
SuctionCup,0,266905,3551,2623
SuctionCup,0,266905,3551,1123
SuctionCup,0,266905,5283,3623
SuctionCup,0,266905,2685,1623
SuctionCup,0,266905,3984,3373
SuctionCup,0,266905,2685,3123
SuctionCup,0,266905,2252,2373
SuctionCup,0,266905,3551,1623
SuctionCup,0,266905,3551,3123
SuctionCup,0,266905,3118,2873
SuctionCup,0,266905,4417,623
SuctionCup,0,266905,3984,2873
SuctionCup,0,266903,4850,2873
SuctionCup,0,266903,5716,2373
SuctionCup,0,266903,5716,2873
SuctionCup,0,266903,3118,873
SuctionCup,0,266903,4850,1873
SuctionCup,0,266903,5716,1873
SuctionCup,0,266903,3551,2123
SuctionCup,0,266903,4850,3373
SuctionCup,0,266892,3695,3707
SuctionCup,0,266890,2829,1707
SuctionCup,0,266890,4561,1707
SuctionCup,0,266890,3262,1457
SuctionCup,0,266890,3695,1707
SuctionCup,0,266890,1963,1707
SuctionCup,0,266890,4128,1457
SuctionCup,0,266890,3695,707
SuctionCup,0,266890,3262,957
SuctionCup,0,266888,3695,3207
SuctionCup,0,266888,5860,1957
SuctionCup,0,266888,5860,3457
SuctionCup,0,266888,4128,2457
SuctionCup,0,266888,4128,3457
SuctionCup,0,266888,5860,2957
SuctionCup,0,266888,2396,2457
SuctionCup,0,266888,3262,2957
SuctionCup,0,266888,5427,1707
SuctionCup,0,266888,6293,2207
SuctionCup,0,266888,4128,1957
SuctionCup,0,266888,6293,2707
SuctionCup,0,266888,3695,2707
SuctionCup,0,266888,3262,3457
SuctionCup,0,266888,5860,2457
SuctionCup,0,266888,4128,2957
SuctionCup,0,266887,5427,3207
SuctionCup,0,266887,5427,2707
SuctionCup,0,266883,4706,957
SuctionCup,0,266883,4706,2457
SuctionCup,0,266883,4706,3457
SuctionCup,0,266883,4706,1457
SuctionCup,0,266882,5572,1957
SuctionCup,0,266882,5572,3457
SuctionCup,0,266882,5572,1457
SuctionCup,0,266882,3840,3457
SuctionCup,0,266882,2541,2707
SuctionCup,0,266882,5572,2957
SuctionCup,0,266882,2108,2457
SuctionCup,0,266882,6005,2207
SuctionCup,0,266882,3407,1707
SuctionCup,0,266882,4273,3707
SuctionCup,0,266882,2108,1957
SuctionCup,0,266882,6438,2457
SuctionCup,0,266882,6005,3207
SuctionCup,0,266882,6438,2957
SuctionCup,0,266882,2541,3207
SuctionCup,0,266882,5139,1707
SuctionCup,0,266882,2541,2207
SuctionCup,0,266882,3407,707
SuctionCup,0,266882,3407,2707
SuctionCup,0,266882,2974,957
SuctionCup,0,266882,6005,2707
SuctionCup,0,266882,2974,2457
SuctionCup,0,266882,2974,3457
SuctionCup,0,266882,3840,2957
SuctionCup,0,266882,6005,1707
SuctionCup,0,266882,3407,3207
SuctionCup,0,266882,3407,1207
SuctionCup,0,266882,5572,2457
SuctionCup,0,266882,2541,1707
SuctionCup,0,266882,4273,1707
SuctionCup,0,266882,4273,707
SuctionCup,0,266878,4706,1957
SuctionCup,0,266877,4273,2707
SuctionCup,0,266861,2974,1457
SuctionCup,0,266853,4994,3124
SuctionCup,0,266853,4994,1624
SuctionCup,0,266852,4561,2874
SuctionCup,0,266850,3695,3374
SuctionCup,0,266850,3695,874
SuctionCup,0,266850,2829,1374
SuctionCup,0,266850,6293,2374
SuctionCup,0,266850,6293,2874
SuctionCup,0,266850,4128,3624
SuctionCup,0,266850,4128,1124
SuctionCup,0,266850,3695,1874
SuctionCup,0,266850,4994,3624
SuctionCup,0,266850,4128,2124
SuctionCup,0,266850,4128,2624
SuctionCup,0,266850,4128,3124
SuctionCup,0,266850,4128,1624
SuctionCup,0,266850,3695,2874
SuctionCup,0,266850,2829,3374
SuctionCup,0,266848,5427,2874
SuctionCup,0,266848,5427,2374
SuctionCup,0,266848,5427,1874
SuctionCup,0,266840,4561,3040
SuctionCup,0,266838,3262,1124
SuctionCup,0,266838,5860,3124
SuctionCup,0,266838,5860,2124
SuctionCup,0,266838,5860,1624
SuctionCup,0,266838,3262,3124
SuctionCup,0,266838,3262,1624
SuctionCup,0,266838,1963,1874
SuctionCup,0,266838,5860,3624
SuctionCup,0,266838,1963,1374
SuctionCup,0,266838,2396,2624
SuctionCup,0,266838,5860,2624
SuctionCup,0,266838,3262,3624
SuctionCup,0,266838,2396,1124
SuctionCup,0,266837,6005,2374
SuctionCup,0,266837,6005,1874
SuctionCup,0,266837,5572,1624
SuctionCup,0,266837,6005,3374
SuctionCup,0,266837,5572,2624
SuctionCup,0,266837,6005,2874
SuctionCup,0,266837,5572,2124
SuctionCup,0,266835,2541,1374
SuctionCup,0,266835,2974,1124
SuctionCup,0,266835,4273,874
SuctionCup,0,266835,4273,2874
SuctionCup,0,266835,3840,624
SuctionCup,0,266835,6438,2124
SuctionCup,0,266835,2541,2374
SuctionCup,0,266835,6438,3124
SuctionCup,0,266835,2974,3124
SuctionCup,0,266835,3407,1374
SuctionCup,0,266835,5139,2874
SuctionCup,0,266835,2108,2124
SuctionCup,0,266835,5139,874
SuctionCup,0,266835,2541,2874
SuctionCup,0,266835,4273,1874
SuctionCup,0,266835,3840,3124
SuctionCup,0,266835,5139,2374
SuctionCup,0,266835,5139,1874
SuctionCup,0,266835,3407,2874
SuctionCup,0,266835,2974,2124
SuctionCup,0,266835,2541,1874
SuctionCup,0,266835,3407,874
SuctionCup,0,266835,6438,2624
SuctionCup,0,266833,3840,3624
SuctionCup,0,266833,4706,1124
SuctionCup,0,266833,4706,2124
SuctionCup,0,266833,5572,3624
SuctionCup,0,266833,4706,2624
SuctionCup,0,266833,2974,3624
SuctionCup,0,266832,4706,3624
SuctionCup,0,266828,4706,3124
SuctionCup,0,266827,3840,2290
SuctionCup,0,266795,4561,707
SuctionCup,0,266795,4706,1624
SuctionCup,0,266790,2974,2624
SuctionCup,0,266781,2396,2124
SuctionCup,0,266765,4561,1874
SuctionCup,0,266718,3262,1957
SuctionCup,0,266652,4273,3207
SuctionCup,0,266650,4417,2290
SuctionCup,0,266632,2829,2874
SuctionCup,0,266623,4417,3457
SuctionCup,0,266590,4417,1123
SuctionCup,0,266588,4273,2040
SuctionCup,0,266543,3984,1873
SuctionCup,0,266497,2252,1707
SuctionCup,0,266469,2252,2873
SuctionCup,0,266377,4994,2290
SuctionCup,0,266367,3262,2457
SuctionCup,0,266335,4850,2707
SuctionCup,0,266332,4994,3457
SuctionCup,0,266323,3695,2540
SuctionCup,0,266317,4994,1124
SuctionCup,0,266262,4706,1790
SuctionCup,0,266198,4706,2957
SuctionCup,0,266192,4850,1540
SuctionCup,0,266186,2396,1457
SuctionCup,0,266137,4706,624
SuctionCup,0,265882,3840,2457
SuctionCup,0,265684,3984,1540
SuctionCup,0,265667,3118,3707
SuctionCup,0,265640,3118,2540
SuctionCup,0,265556,2829,1874
SuctionCup,0,265433,4850,3207
SuctionCup,0,265394,4417,1290
SuctionCup,0,265379,4417,2457
SuctionCup,0,265333,4417,3623
SuctionCup,0,265327,2541,1207
SuctionCup,0,265220,2974,1624
SuctionCup,0,264918,3118,2207
SuctionCup,0,264897,3118,3373
SuctionCup,0,264895,4994,1290
SuctionCup,0,264864,4994,2457
SuctionCup,0,264802,4850,2040
SuctionCup,0,264622,4850,873
SuctionCup,0,263920,4128,1790
SuctionCup,0,263829,4128,624
SuctionCup,0,263222,3407,1874
SuctionCup,0,261987,3119,2373
SuctionCup,0,261506,6293,3207
SuctionCup,0,261097,3695,2207
SuctionCup,0,261029,5139,2707
SuctionCup,0,260744,2396,2790
SuctionCup,0,258827,2974,2790
SuctionCup,0,257410,5139,2040
SuctionCup,0,257296,4273,2540
SuctionCup,0,257271,4273,1374
SuctionCup,0,257195,5139,1540
SuctionCup,0,257164,2685,957
SuctionCup,0,256617,3698,2374
SuctionCup,0,256332,2396,2957
SuctionCup,0,256190,4273,3374
SuctionCup,0,255931,3262,1790
SuctionCup,0,255777,2108,1457
SuctionCup,0,255035,4273,2207
SuctionCup,0,254027,3118,1877
SuctionCup,0,253703,2396,1957
SuctionCup,0,253467,3262,2124
SuctionCup,0,253417,6293,3374
SuctionCup,0,253244,2974,2957
SuctionCup,0,253001,4561,1540
SuctionCup,0,252791,4561,2707
SuctionCup,0,252514,5139,3207
SuctionCup,0,251454,2396,1624
SuctionCup,0,251112,4561,874
SuctionCup,0,251101,2685,2123
SuctionCup,0,251001,2685,3290
SuctionCup,0,250677,2252,2040
SuctionCup,0,250493,4850,1373
SuctionCup,0,250430,4850,2540
SuctionCup,0,250251,4277,3540
SuctionCup,0,250182,5716,3707
SuctionCup,0,249966,4277,1207
SuctionCup,0,249619,5427,3707
SuctionCup,0,249560,4277,2374
SuctionCup,0,248060,3840,2624
SuctionCup,0,248047,4850,1040
SuctionCup,0,248011,3262,2624
SuctionCup,0,247781,4850,2207
SuctionCup,0,247627,4561,3207
SuctionCup,0,247497,4561,2040
SuctionCup,0,247257,2829,3208
SuctionCup,0,245494,2685,2623
SuctionCup,0,245341,2685,1457
SuctionCup,0,245302,2396,1790
SuctionCup,0,244419,3840,2124
SuctionCup,0,244243,5427,2207
SuctionCup,0,243527,3984,2040
SuctionCup,0,243163,2252,2707
SuctionCup,0,243092,2829,1540
SuctionCup,0,242977,2829,2707
SuctionCup,0,242923,5716,2540
SuctionCup,0,242809,5427,1374
SuctionCup,0,242223,4417,957
SuctionCup,0,242098,4417,2123
SuctionCup,0,242072,4417,3290
SuctionCup,0,241138,5716,1373
SuctionCup,0,241087,4855,1207
SuctionCup,0,241009,4855,2373
SuctionCup,0,240976,4994,3290
SuctionCup,0,240794,6149,3290
SuctionCup,0,240462,4994,957
SuctionCup,0,240423,4994,2124
SuctionCup,0,239811,6149,2123
SuctionCup,0,239807,5427,3374
SuctionCup,0,236627,2829,2042
SuctionCup,0,236284,4994,2626
SuctionCup,0,235344,4417,2626
SuctionCup,0,235276,4417,1459
SuctionCup,0,233530,4994,1461
