Island,384,1,6592,2102
Island,385,255,6534,2196
Island,385,1,6552,2190
Island,386,1,6562,2233
Island,387,180,6690,2097
Island,387,1,6704,2096
Island,391,36,6561,2282
Island,395,13,4141,1953
Island,395,2,4147,1962
Island,395,1,4148,1964
Island,395,1,4146,1961
Island,395,1,4140,1952
Island,399,17,6241,2082
Island,401,1,6693,2291
Island,401,1,3956,1959
Island,404,1,3925,1942
Island,425,75,6055,1981
Island,436,1,1814,1793
Island,439,1,1816,1791
Island,461,590,6184,2182
Island,464,91,4032,2114
Island,476,1,1757,1963
Island,479,1,1774,1975
Island,480,3,1798,1984
Island,480,2,1791,1982
Island,480,2,1788,1981
Island,480,1,1795,1983
Island,485,1,2337,1566
Island,487,1,2338,1565
Island,492,1,2340,1558
Island,492,1,2341,1557
Island,497,1,4816,1565
Island,498,1,4808,1550
Island,499,4,4677,1513
Island,499,3,4675,1515
Island,499,2,4792,1537
Island,499,2,4680,1512
Island,499,2,4682,1511
Island,499,1,4790,1536
Island,499,1,4740,1517
Island,499,1,4737,1515
Island,499,1,4734,1513
Island,499,1,4732,1512
Island,499,1,4684,1510
Island,499,1,4687,1509
Island,499,1,4724,1508
Island,499,1,4721,1507
Island,513,2,2325,1511
Island,530,16,4645,1778
Island,530,6,4640,1777
Island,530,1,4639,1776
Island,536,194,1937,2039
Island,555,1,2202,1593
Island,563,1,2220,1575
Island,567,1,2292,1553
Island,570,1,2249,1556
Island,578,100,4327,2089
Island,583,1,4242,2121
Island,606,1,6532,1945
Island,607,1,6431,2398
Island,608,1,6409,2385
Island,608,1,6408,2384
Island,609,1,6382,2349
Island,610,1,6369,2356
Island,610,1,6759,2235
Island,615,52,6311,1940
Island,618,1,1688,1777
Island,618,1,1689,1775
Island,621,21,4273,1696
Island,641,1,4150,1741
Island,642,1,4143,1745
Island,643,1,4135,1750
Island,645,23,4477,1576
Island,646,1,4112,1765
Island,650,1,4079,1790
Island,652,1,4023,1858
Island,652,1,4057,1810
Island,652,1,4058,1809
Island,695,72,2169,2620
Island,720,23,2156,2672
Island,764,595,6970,2220
Island,772,619,6735,2097
Island,773,1,2267,2675
Island,774,1,2224,2732
Island,779,423,6606,1992
Island,800,337,1863,2203
Island,812,15,6621,1951
Island,815,64,2144,2648
Island,818,30,2127,2629
Island,825,35,2120,2699
Island,834,479,1858,2214
Island,835,3,4823,1816
Island,846,96,6907,2352
Island,850,2,6886,2200
Island,851,54,6886,2195
Island,851,1,6874,2335
Island,857,1,6851,2290
Island,864,46,6718,2184
Island,871,243,4301,1558
Island,875,209,6618,2317
Island,875,1,6676,2316
Island,894,21,2020,2689
Island,908,64,4336,1658
Island,915,381,6631,2308
Island,915,2,1925,1488
Island,915,1,6630,2368
Island,915,1,1926,1487
Island,919,1,6646,2064
Island,922,268,1754,1729
Island,924,1,6648,2066
Island,929,8,4484,1581
Island,931,24,4340,1459
Island,931,22,4475,1598
Island,931,1,4473,1614
Island,931,1,4474,1612
Island,931,1,4481,1596
Island,933,53,4466,1590
Island,934,1,4452,1628
Island,936,105,1827,1600
Island,936,7,1853,1622
Island,936,1,1858,1625
Island,937,32,4477,1634
Island,937,1,4476,1644
Island,938,23,1882,1620
Island,939,22,4538,1631
Island,940,756,4512,1620
Island,940,1,4505,1546
Island,941,198,6812,2369
Island,941,1,6848,2397
Island,941,1,1859,1640
Island,941,1,1858,1639
Island,943,214,6871,2414
Island,943,1,4525,1532
Island,946,1,6829,2394
Island,947,1,6900,2420
Island,949,1,6542,2038
Island,950,228,1981,1562
Island,953,1,4610,1698
Island,953,1,4611,1697
Island,955,192,4583,1668
Island,955,1,4616,1667
Island,958,63,4612,1712
Island,960,265,6385,2419
Island,961,1,4631,1719
Island,963,69,2137,2356
Island,963,2,2343,1382
Island,964,1,6541,2032
Island,965,1,4652,1623
Island,966,2,2336,1413
Island,967,2,6541,2033
Island,968,19,4674,1704
Island,968,17,4261,2269
Island,968,1,4272,2278
Island,968,1,4271,2277
Island,968,1,4260,2268
Island,968,1,4259,2267
Island,968,1,6542,2032
Island,969,317,4665,1691
Island,973,1,6543,2033
Island,975,2,2315,1507
Island,976,3,6302,2429
Island,977,51,1873,1446
Island,977,1,6543,2035
Island,977,1,1881,1445
Island,978,14,2149,2307
Island,978,1,2308,1539
Island,979,2,6547,2039
Island,979,1,1858,1508
Island,981,1,6544,2035
Island,982,22,2337,1510
Island,982,1,2299,1579
Island,983,2,2297,1588
Island,986,8,4373,1636
Island,986,1,4377,1639
Island,986,1,2290,1620
Island,987,1,2325,1570
Island,990,2,4151,2401
Island,990,1,4149,2400
Island,990,1,4147,2399
Island,990,1,4145,2398
Island,990,1,2281,1660
Island,991,2,4103,2378
Island,991,2,2279,1669
Island,991,2,2316,1610
Island,991,1,4102,2377
Island,991,1,4100,2376
Island,991,1,4098,2375
Island,992,1,4038,2344
Island,992,1,4036,2343
Island,992,1,4034,2342
Island,992,1,4032,2341
Island,992,1,4030,2340
Island,992,1,4028,2339
Island,993,2,3992,2320
Island,993,2,3990,2319
Island,993,1,3988,2318
Island,993,1,3986,2317
Island,994,2,3945,2296
Island,994,2,3934,2290
Island,994,1,3944,2295
Island,994,1,3942,2294
Island,994,1,3940,2293
Island,994,1,3938,2292
Island,994,1,3936,2291
Island,995,1,2307,1651
Island,996,50,2153,2335
Island,998,12,2264,1733
Island,1000,1,2259,1759
Island,1010,9,6265,2407
Island,1011,20,2145,2437
Island,1011,1,3526,2285
Island,1014,1,2282,1711
Island,1014,1,2283,1708
Island,1019,1,2476,1535
Island,1020,2,2474,1544
Island,1021,2,2472,1554
Island,1026,2,2461,1605
Island,1027,19,1630,1940
Island,1029,2,2454,1636
Island,1030,1,3839,2389
Island,1031,1,3818,2378
Island,1031,1,3816,2377
Island,1032,2,2447,1666
Island,1032,1,3796,2366
Island,1034,1,3760,2347
Island,1042,1,3851,2428
Island,1043,1,3878,2447
Island,1043,1,3877,2446
Island,1043,1,3876,2445
Island,1044,1,3915,2473
Island,1045,16,3648,2396
Island,1045,1,3950,2498
Island,1045,1,2163,2284
Island,1051,1,3613,2357
Island,1051,1,3602,2352
Island,1052,1,1860,1854
Island,1053,2,4126,2344
Island,1054,91,4121,2342
Island,1054,1,2293,1320
Island,1054,1,2296,1315
Island,1054,1,2297,1313
Island,1054,1,2298,1312
Island,1054,1,2299,1310
Island,1056,67,3376,2421
Island,1056,2,3396,2436
Island,1056,1,3375,2420
Island,1057,1,3368,2414
Island,1059,1,3360,2407
Island,1060,1,3357,2404
Island,1065,15,2158,2357
Island,1071,1,3541,2490
Island,1077,36,1608,2038
Island,1079,31,5809,2268
Island,1087,1,6969,2283
Island,1088,1,6933,2235
Island,1091,25,2447,1303
Island,1091,12,4173,2153
Island,1094,1,5814,2378
Island,1094,1,5817,2374
Island,1095,55,1930,2476
Island,1095,1,1944,2497
Island,1101,1,3897,2529
Island,1102,1,3887,2525
Island,1104,1,5827,2235
Island,1105,1,5832,2229
Island,1106,1,5836,2225
Island,1113,1,5808,2215
Island,1116,1,3705,2639
Island,1126,102,1748,2619
Island,1130,30,4163,2265
Island,1130,8,6835,2499
Island,1130,1,6834,2496
Island,1131,12,6028,2491
Island,1142,1,2331,1832
Island,1145,1,4162,2507
Island,1169,258,6151,2540
Island,1170,1,1681,2156
Island,1171,1,6196,2557
Island,1172,1,6200,2558
Island,1174,1,6668,2803
Island,1175,2,6681,2812
Island,1175,1,6685,2814
Island,1175,1,6683,2813
Island,1179,2,6752,2860
Island,1179,1,6756,2862
Island,1179,1,6754,2861
Island,1180,1,6772,2873
Island,1180,1,6770,2872
Island,1181,2,6786,2883
Island,1181,1,6790,2885
Island,1181,1,6788,2884
Island,1181,1,6684,2786
Island,1181,1,6223,2565
Island,1182,1,6703,2799
Island,1183,2,6719,2810
Island,1184,1,6738,2822
Island,1185,1,6756,2834
Island,1185,1,6754,2833
Island,1186,1,6772,2845
Island,1186,1,6770,2844
Island,1186,1,4190,2112
Island,1187,1,6788,2856
Island,1188,62,1827,2625
Island,1189,1,5755,2234
Island,1191,9,5788,2199
Island,1191,2,5959,2290
Island,1191,2,5774,2223
Island,1191,1,5764,2222
Island,1192,45,5787,2198
Island,1193,36,6156,2547
Island,1193,6,1560,2703
Island,1202,1,6686,2933
Island,1202,1,6683,2931
Island,1202,1,6682,2930
Island,1202,1,4193,2190
Island,1221,1,6267,2574
Island,1265,6,6662,2703
Island,1265,2,6666,2706
Island,1267,2,6700,2729
Island,1267,1,6702,2730
Island,1268,2,6718,2741
Island,1269,2,6736,2753
Island,1271,1,6771,2776
Island,1272,1,6789,2788
Island,1272,1,6787,2787
Island,1273,2,6803,2798
Island,1273,1,6805,2799
Island,1274,1,6823,2811
Island,1274,1,6821,2810
Island,1275,1,6839,2822
Island,1276,2,6855,2833
Island,1285,1,6696,2711
Island,1286,61,6693,2710
Island,1286,2,6710,2721
Island,1286,1,6714,2723
Island,1286,1,6712,2722
Island,1287,2,6728,2733
Island,1287,1,6732,2735
Island,1287,1,6730,2734
Island,1288,2,6746,2745
Island,1288,1,6748,2746
Island,1289,1,6764,2757
Island,1290,2,6780,2768
Island,1291,1,6799,2780
Island,1292,1,6817,2792
Island,1293,1,6833,2803
Island,1294,1,6851,2815
Island,1294,1,6849,2814
Island,1303,1,6854,2854
Island,1314,27,6005,2320
Island,1314,2,6019,2332
Island,1314,1,6022,2334
Island,1314,1,6021,2333
Island,1315,1,6043,2348
Island,1318,88,4420,1902
Island,1324,1,6258,2500
Island,1324,1,6257,2499
Island,1325,20,5832,2180
Island,1326,67,6378,2530
Island,1326,1,6403,2551
Island,1326,1,6402,2550
Island,1326,1,6308,2539
Island,1326,1,6377,2529
Island,1329,1,6340,2474
Island,1331,1,6409,2332
Island,1334,343,6590,2732
Island,1337,1,6316,2513
Island,1338,1,6545,2559
Island,1339,1,6557,2551
Island,1340,1,6569,2541
Island,1341,1,6582,2528
Island,1378,24,4319,2011
Island,1399,2,6729,2644
Island,1399,1,6731,2645
Island,1400,2,6747,2656
Island,1402,108,6587,2385
Island,1402,1,6782,2679
Island,1403,1,6800,2691
Island,1404,1,6818,2703
Island,1404,1,6816,2702
Island,1405,2,6832,2713
Island,1405,1,6836,2715
Island,1405,1,6834,2714
Island,1406,2,6850,2725
Island,1406,1,6852,2726
Island,1407,2,6868,2737
Island,1408,1,6887,2749
Island,1413,1,4571,2028
Island,1417,15,4439,2224
Island,1418,31,6529,2625
Island,1420,25,6556,2612
Island,1443,30,4418,1885
Island,1456,1,6721,2592
Island,1458,1,6757,2616
Island,1458,1,6755,2615
Island,1459,2,6771,2626
Island,1459,1,6773,2627
Island,1460,1,6790,2638
Island,1462,1,6826,2662
Island,1463,1,6842,2673
Island,1464,2,6858,2684
Island,1464,1,6860,2685
Island,1465,2,6876,2696
Island,1465,1,6878,2697
Island,1466,1,6894,2708
Island,1467,1,6913,2720
Island,1468,1,6929,2731
ResinTrap,24,24,5622,2150
ResinTrap,24,24,1733,2539
ResinTrap,24,24,2317,2733
ResinTrap,24,23,2706,1567
ResinTrap,24,23,7178,2150
ResinTrap,24,23,5817,2345
ResinTrap,24,23,2511,1761
ResinTrap,24,23,6011,2539
ResinTrap,24,23,1539,2345
ResinTrap,24,23,4650,2345
ResinTrap,24,23,2317,2345
ResinTrap,24,23,7178,2539
ResinTrap,24,23,4067,2539
ResinTrap,24,23,4456,2539
ResinTrap,24,23,3678,2539
ResinTrap,24,23,6400,2539
ResinTrap,24,23,6400,2928
ResinTrap,24,22,3483,2733
ResinTrap,226,24,5622,2345
ResinTrap,226,24,4261,1372
ResinTrap,226,24,2122,2345
ResinTrap,226,23,3678,2539
ResinTrap,226,23,4650,2150
ResinTrap,226,23,5428,2150
ResinTrap,226,23,4261,2539
ResinTrap,226,23,6206,2928
ResinTrap,226,23,1539,2539
ResinTrap,226,23,1928,2539
ResinTrap,226,23,5817,2539
ResinTrap,226,23,4456,2539
ResinTrap,226,23,7178,2539
ResinTrap,226,22,3872,2539
ResinTrap,226,22,6595,2928
ResinTrap,226,22,3678,2734
ResinTrap,226,22,7178,2345
ResinTrap,226,22,6984,2539
ResinTrap,226,22,3678,2345
ResinTrap,226,22,4067,2734
ResinTrap,226,22,1734,2539
ResinTrap,226,22,6011,2733
ResinTrap,226,22,3484,2539
ResinTrap,226,22,6400,3122
ResinTrap,226,22,6789,2734
ResinTrap,226,12,1734,2734
ResinTrap,232,19,4449,1560
ResinTrap,232,19,4449,1572
ResinTrap,233,12,4271,1752
ResinTrap,237,18,4278,2330
ResinTrap,241,34,2300,1782
ResinTrap,241,19,6225,2331
ResinTrap,243,13,2309,1781
ResinTrap,243,9,2112,1936
ResinTrap,245,13,4652,1782
ResinTrap,246,21,6617,2533
ResinTrap,248,12,6621,2527
ResinTrap,248,9,1542,1934
ResinTrap,248,9,1906,1570
ResinTrap,249,12,1558,2117
ResinTrap,249,7,6422,2337
ResinTrap,249,7,6945,2519
ResinTrap,251,7,6217,2326
ResinTrap,251,7,6405,2324
ResinTrap,251,7,6210,2324
ResinTrap,252,12,2347,1190
ResinTrap,252,7,6970,1988
ResinTrap,254,10,1935,1589
ResinTrap,257,7,2105,1944
ResinTrap,259,10,1926,1590
ResinTrap,259,7,2103,1947
ResinTrap,267,7,2283,1775
ResinTrap,269,19,4649,1723
ResinTrap,269,12,1560,1946
ResinTrap,270,22,6400,1785
ResinTrap,270,7,4696,1755
ResinTrap,272,7,2498,1372
ResinTrap,273,7,2085,1954
ResinTrap,274,7,6410,1783
ResinTrap,276,7,2494,1367
ResinTrap,280,10,6398,1800
ResinTrap,280,7,6597,2518
ResinTrap,281,7,6608,2522
ResinTrap,284,13,6602,2519
ResinTrap,284,12,6387,1780
ResinTrap,288,31,4639,1742
ResinTrap,288,23,1562,1959
ResinTrap,289,7,4635,1746
ResinTrap,290,7,2106,1970
ResinTrap,293,12,2103,1966
ResinTrap,295,12,2291,1719
ResinTrap,295,7,1904,1624
ResinTrap,295,7,1902,1627
ResinTrap,299,7,2471,1413
ResinTrap,300,7,4240,1797
ResinTrap,300,7,4243,1799
ResinTrap,301,58,2469,1413
ResinTrap,301,20,4644,1724
ResinTrap,305,59,2451,1398
ResinTrap,305,7,6438,2270
ResinTrap,306,17,2300,1717
ResinTrap,307,7,6367,1828
ResinTrap,309,7,4650,1744
ResinTrap,311,65,4673,1744
ResinTrap,311,23,4656,1747
ResinTrap,312,18,1605,1928
ResinTrap,312,7,2272,1746
ResinTrap,312,7,4653,1745
ResinTrap,314,7,2273,1745
ResinTrap,316,68,2311,1741
ResinTrap,316,23,1936,1655
ResinTrap,316,23,2274,1743
ResinTrap,316,17,2434,1403
ResinTrap,319,18,2453,1409
ResinTrap,324,18,2309,1703
ResinTrap,334,7,4683,1731
ResinTrap,337,18,6418,2357
ResinTrap,337,7,4685,1727
ResinTrap,337,7,6418,2360
ResinTrap,351,7,4848,1496
ResinTrap,363,7,2266,1715
ResinTrap,366,7,2333,1722
ResinTrap,368,12,2331,1722
ResinTrap,383,30,2329,1748
ResinTrap,392,30,2295,1754
ResinTrap,404,7,2428,1401
ResinTrap,427,7,6528,1895
ResinTrap,428,23,1928,2539
ResinTrap,428,23,6400,2928
ResinTrap,428,23,6789,2928
ResinTrap,428,22,1539,2345
ResinTrap,428,19,5622,2150
ResinTrap,428,19,6984,2539
ResinTrap,428,19,4067,2734
ResinTrap,428,19,4261,2734
ResinTrap,428,19,1539,2734
ResinTrap,428,19,6206,2734
ResinTrap,428,14,6595,3123
ResinTrap,428,12,1734,2734
ResinTrap,428,10,6528,1899
ResinTrap,436,7,6997,2138
ResinTrap,437,21,2108,2719
ResinTrap,444,12,1908,2332
ResinTrap,446,28,6971,2127
ResinTrap,446,7,2321,1960
ResinTrap,446,7,2103,2549
ResinTrap,447,32,4240,1573
ResinTrap,448,13,1935,2713
ResinTrap,449,13,2127,2518
ResinTrap,449,10,1926,1583
ResinTrap,450,9,4467,1750
ResinTrap,450,7,4466,1747
ResinTrap,451,7,2125,2711
ResinTrap,452,30,4636,1946
ResinTrap,455,7,4449,2122
ResinTrap,456,7,7013,2343
ResinTrap,456,7,7014,2338
ResinTrap,463,14,2160,2551
ResinTrap,465,20,2094,2137
ResinTrap,466,7,6203,2337
ResinTrap,472,22,4442,1773
ResinTrap,473,13,1923,2324
ResinTrap,475,13,4475,1790
ResinTrap,478,13,4467,2136
ResinTrap,478,13,6981,2295
ResinTrap,478,7,4448,1784
ResinTrap,478,7,4473,1793
ResinTrap,478,7,2173,2732
ResinTrap,479,41,6970,2289
ResinTrap,480,12,4282,1576
ResinTrap,480,7,4284,1572
ResinTrap,480,7,4249,1630
ResinTrap,481,10,2127,2593
ResinTrap,481,7,2132,2594
ResinTrap,490,7,2100,2146
ResinTrap,494,7,1995,2727
ResinTrap,494,7,1998,2721
ResinTrap,496,48,2149,2562
ResinTrap,496,7,1998,2724
ResinTrap,497,7,4268,1589
ResinTrap,497,7,4304,1565
ResinTrap,502,12,4299,1596
ResinTrap,502,7,4297,1593
ResinTrap,503,39,6964,2321
ResinTrap,508,73,4815,1870
ResinTrap,509,7,2319,1526
ResinTrap,511,27,2317,1517
ResinTrap,511,7,2318,1521
ResinTrap,512,7,4283,1559
ResinTrap,524,43,6944,2297
ResinTrap,526,20,2214,1574
ResinTrap,526,17,4264,1653
ResinTrap,528,7,2454,1312
ResinTrap,528,7,2471,1319
ResinTrap,533,7,2149,2554
ResinTrap,537,13,2145,2551
ResinTrap,549,18,4275,1634
ResinTrap,549,7,4277,1637
ResinTrap,561,20,7005,2337
ResinTrap,562,7,1991,1649
ResinTrap,564,71,6996,2327
ResinTrap,566,7,6942,2262
ResinTrap,567,12,2142,2552
ResinTrap,568,13,6940,2262
ResinTrap,574,30,6971,2149
ResinTrap,574,7,6974,2149
ResinTrap,578,13,2132,2604
ResinTrap,588,13,1924,1654
ResinTrap,588,7,1939,1659
ResinTrap,589,17,1914,1653
ResinTrap,593,22,7001,2318
ResinTrap,594,10,1896,1653
ResinTrap,595,12,7004,2324
ResinTrap,595,10,1890,1653
ResinTrap,596,7,4155,2099
ResinTrap,597,7,4143,2100
ResinTrap,598,13,1875,1654
ResinTrap,604,7,6963,2339
ResinTrap,605,7,2134,2560
ResinTrap,608,7,2140,2528
ResinTrap,615,23,4315,2050
ResinTrap,620,7,6901,2315
ResinTrap,623,7,6671,2028
ResinTrap,629,10,1849,1648
ResinTrap,629,7,2134,2565
ResinTrap,630,22,3678,2345
ResinTrap,630,22,6400,2928
ResinTrap,630,22,5428,2150
ResinTrap,630,22,6595,2928
ResinTrap,630,17,5623,2150
ResinTrap,630,12,6595,3123
ResinTrap,630,7,2181,2534
ResinTrap,630,7,4442,2352
ResinTrap,631,7,7009,2304
ResinTrap,631,7,4445,2351
ResinTrap,632,12,2180,2535
ResinTrap,632,7,1798,1705
ResinTrap,632,7,6732,2119
ResinTrap,634,7,7010,2302
ResinTrap,635,7,1794,1710
ResinTrap,635,7,6598,1970
ResinTrap,635,7,6629,2021
ResinTrap,636,20,1788,1712
ResinTrap,637,7,4030,1991
ResinTrap,637,7,2137,2566
ResinTrap,638,20,7011,2298
ResinTrap,638,7,1626,1877
ResinTrap,638,7,6618,2020
ResinTrap,639,7,4032,1990
ResinTrap,640,7,1635,1853
ResinTrap,641,13,2146,2526
ResinTrap,641,7,1642,1838
ResinTrap,642,12,1755,1680
ResinTrap,642,7,1653,1817
ResinTrap,642,7,1655,1814
ResinTrap,645,12,5026,1742
ResinTrap,646,7,2296,1193
ResinTrap,649,9,2339,1188
ResinTrap,649,7,1906,1385
ResinTrap,649,7,1904,1388
ResinTrap,650,30,1933,2756
ResinTrap,652,18,1712,2340
ResinTrap,652,7,1907,1375
ResinTrap,652,7,1710,2335
ResinTrap,653,7,4042,1979
ResinTrap,653,7,6183,2536
ResinTrap,656,7,6819,2529
ResinTrap,657,7,6088,2050
ResinTrap,660,7,4045,1969
ResinTrap,660,7,4438,2313
ResinTrap,661,7,4097,1796
ResinTrap,662,13,4101,1794
ResinTrap,663,7,4107,1793
ResinTrap,664,7,4111,1792
ResinTrap,665,9,6223,2524
ResinTrap,666,7,4116,1792
ResinTrap,667,12,1739,2307
ResinTrap,668,7,4121,1792
ResinTrap,669,10,3700,2143
ResinTrap,669,7,3701,2149
ResinTrap,670,18,4433,1404
ResinTrap,670,7,4126,1792
ResinTrap,671,31,1946,2340
ResinTrap,671,7,4054,1959
ResinTrap,673,7,5018,1760
ResinTrap,675,7,4474,2310
ResinTrap,675,7,1941,2346
ResinTrap,676,7,1785,1387
ResinTrap,678,13,1783,1379
ResinTrap,682,62,1933,2713
ResinTrap,682,7,4019,1852
ResinTrap,683,30,1950,2726
ResinTrap,683,7,2119,2548
ResinTrap,684,7,1933,2713
ResinTrap,685,7,1931,2348
ResinTrap,687,20,6745,2507
ResinTrap,688,49,6787,2517
ResinTrap,688,7,6058,2066
ResinTrap,688,7,1972,2350
ResinTrap,688,7,6780,2519
ResinTrap,689,35,6775,2519
ResinTrap,689,13,2320,1201
ResinTrap,689,12,4525,1562
ResinTrap,692,10,2314,1201
ResinTrap,694,52,4250,1607
ResinTrap,694,7,1769,1412
ResinTrap,695,12,6800,2520
ResinTrap,695,10,1974,1411
ResinTrap,696,7,1918,2342
ResinTrap,697,7,1922,2344
ResinTrap,698,58,6798,2477
ResinTrap,698,17,1934,2666
ResinTrap,699,36,1755,1395
ResinTrap,699,10,4086,1949
ResinTrap,701,10,1916,1406
ResinTrap,702,22,4463,1407
ResinTrap,703,10,4465,1402
ResinTrap,703,10,1950,2741
ResinTrap,704,7,4263,1639
ResinTrap,704,7,4087,1927
ResinTrap,707,37,4426,1395
ResinTrap,708,53,4491,1429
ResinTrap,709,10,2176,2609
ResinTrap,709,7,2171,2641
ResinTrap,711,7,2203,2612
ResinTrap,712,43,4476,1455
ResinTrap,713,7,2197,2610
ResinTrap,713,7,2161,2634
ResinTrap,713,7,2168,2636
ResinTrap,714,20,4261,1635
ResinTrap,715,7,2357,1715
ResinTrap,717,13,2181,2642
ResinTrap,717,7,4456,1419
ResinTrap,717,7,4453,1421
ResinTrap,717,7,4256,1604
ResinTrap,720,13,4257,1601
ResinTrap,720,7,6802,2481
ResinTrap,721,50,1727,2322
ResinTrap,722,17,2633,1535
ResinTrap,723,30,4510,1444
ResinTrap,723,7,4507,1442
ResinTrap,724,24,2169,2664
ResinTrap,725,53,2335,1258
ResinTrap,725,40,1930,1441
ResinTrap,725,7,2176,2547
ResinTrap,727,33,6801,2483
ResinTrap,730,33,2610,1568
ResinTrap,731,17,4734,1586
ResinTrap,731,13,2131,2326
ResinTrap,731,12,4727,1580
ResinTrap,732,7,1930,1408
ResinTrap,733,46,1741,1414
ResinTrap,733,7,1960,2680
ResinTrap,734,12,1734,2312
ResinTrap,735,17,1957,2377
ResinTrap,735,7,2316,1260
ResinTrap,735,7,1961,2678
ResinTrap,737,7,2248,2282
ResinTrap,738,7,6192,2523
ResinTrap,738,7,1908,1471
ResinTrap,739,29,1904,1471
ResinTrap,739,20,4253,1592
ResinTrap,739,7,2245,2280
ResinTrap,739,7,6200,2519
ResinTrap,739,7,4254,1597
ResinTrap,740,49,1917,2381
ResinTrap,741,7,1922,1435
ResinTrap,746,7,1922,2373
ResinTrap,747,27,2345,1261
ResinTrap,747,7,2347,1260
ResinTrap,747,7,2126,2355
ResinTrap,748,23,2323,1270
ResinTrap,748,7,2328,1271
ResinTrap,749,13,4494,1467
ResinTrap,749,7,1920,2389
ResinTrap,750,13,1946,1472
ResinTrap,751,54,1945,1473
ResinTrap,752,7,4515,1436
ResinTrap,753,18,2120,2507
ResinTrap,753,7,2120,2507
ResinTrap,754,7,1921,2394
ResinTrap,755,36,1769,1497
ResinTrap,755,17,6762,2472
ResinTrap,756,7,1943,1472
ResinTrap,756,7,4518,1432
ResinTrap,758,7,1772,1458
ResinTrap,759,23,4487,1444
ResinTrap,762,37,6867,2240
ResinTrap,762,7,1938,2670
ResinTrap,763,123,6830,2270
ResinTrap,766,7,6908,2318
ResinTrap,767,616,6883,2285
ResinTrap,767,48,6878,2280
ResinTrap,767,23,1763,1505
ResinTrap,767,10,1742,1440
ResinTrap,767,7,6911,2311
ResinTrap,768,43,6910,2317
ResinTrap,768,10,6909,2301
ResinTrap,770,13,1911,1507
ResinTrap,772,7,6915,2288
ResinTrap,773,7,4285,1649
ResinTrap,778,20,1764,1471
ResinTrap,778,7,6088,2227
ResinTrap,782,7,4240,1491
ResinTrap,782,7,6887,2285
ResinTrap,784,7,6939,2318
ResinTrap,789,30,3816,2100
ResinTrap,791,7,2570,1605
ResinTrap,794,18,2564,1601
ResinTrap,794,7,2567,1604
ResinTrap,795,7,4454,1531
ResinTrap,796,7,1810,1777
ResinTrap,800,25,1746,2327
ResinTrap,800,13,1749,2329
ResinTrap,804,30,4308,1502
ResinTrap,804,21,2233,2110
ResinTrap,804,7,4307,1503
ResinTrap,806,10,2000,2230
ResinTrap,807,20,2093,2339
ResinTrap,808,7,6534,1982
ResinTrap,809,7,6533,1987
ResinTrap,810,47,2549,1536
ResinTrap,810,13,6532,1991
ResinTrap,810,7,6531,1996
ResinTrap,810,7,2551,1541
ResinTrap,810,7,1747,1799
ResinTrap,815,24,2228,2090
ResinTrap,818,19,2113,2157
ResinTrap,818,7,6531,1998
ResinTrap,823,7,2153,2169
ResinTrap,823,7,6531,1999
ResinTrap,823,7,2139,2170
ResinTrap,825,7,2061,2325
ResinTrap,828,18,1735,1831
ResinTrap,828,7,6531,2001
ResinTrap,828,7,4296,1596
ResinTrap,829,56,4299,1604
ResinTrap,829,7,1744,1780
ResinTrap,830,67,2062,2324
ResinTrap,832,17,4298,1600
ResinTrap,833,15,1761,1824
ResinTrap,834,23,6530,2007
ResinTrap,835,31,2121,2060
ResinTrap,835,13,6529,2012
ResinTrap,835,7,6989,2730
ResinTrap,837,18,6789,2093
ResinTrap,838,7,1750,1962
ResinTrap,843,12,2214,2737
ResinTrap,847,32,6668,2063
ResinTrap,847,10,2104,2633
ResinTrap,848,26,6965,2724
ResinTrap,850,14,6615,2723
ResinTrap,851,7,1737,1769
ResinTrap,852,19,2250,2608
ResinTrap,852,7,6617,2740
ResinTrap,853,30,1758,1963
ResinTrap,856,12,6971,2762
ResinTrap,857,14,4072,2524
ResinTrap,858,7,6540,2020
ResinTrap,859,7,4699,1810
ResinTrap,861,28,4055,2340
ResinTrap,862,80,1833,1910
ResinTrap,862,13,1926,1398
ResinTrap,862,13,1928,1401
ResinTrap,862,12,4809,1853
ResinTrap,862,7,2483,1611
ResinTrap,862,7,4107,2535
ResinTrap,864,7,2153,2487
ResinTrap,865,15,4043,2336
ResinTrap,865,7,6713,2177
ResinTrap,865,7,2158,2485
ResinTrap,866,29,3889,2340
ResinTrap,867,23,6208,2517
ResinTrap,867,7,6781,2103
ResinTrap,868,32,3875,2348
ResinTrap,868,24,4798,1827
ResinTrap,868,13,3855,2312
ResinTrap,868,7,4574,1578
ResinTrap,869,27,2470,1613
ResinTrap,869,26,3493,2338
ResinTrap,869,12,2034,2642
ResinTrap,869,10,4575,1574
ResinTrap,870,12,6667,1978
ResinTrap,871,7,3861,2313
ResinTrap,872,30,3894,2323
ResinTrap,872,12,3307,2374
ResinTrap,872,7,1808,1561
ResinTrap,872,7,4102,2533
ResinTrap,872,7,6214,2507
ResinTrap,872,7,6212,2526
ResinTrap,873,32,4043,2512
ResinTrap,874,23,3656,2543
ResinTrap,874,18,3901,2348
ResinTrap,874,7,2339,1208
ResinTrap,875,10,3872,2364
ResinTrap,875,7,4798,1908
ResinTrap,875,7,3716,2168
ResinTrap,875,7,3873,2360
ResinTrap,875,7,4071,2534
ResinTrap,875,7,3719,2170
ResinTrap,876,13,6646,2063
ResinTrap,877,28,3704,2513
ResinTrap,877,12,3902,2316
ResinTrap,878,10,6211,2535
ResinTrap,878,10,3869,2307
ResinTrap,879,59,6849,2321
ResinTrap,879,7,6540,2368
ResinTrap,879,7,4099,2529
ResinTrap,880,42,6184,2511
ResinTrap,880,10,5880,2328
ResinTrap,880,7,2163,2263
ResinTrap,881,68,4315,1540
ResinTrap,881,40,5842,2349
ResinTrap,881,13,4247,2509
ResinTrap,881,7,6558,2026
ResinTrap,882,33,6394,2029
ResinTrap,882,27,6563,2028
ResinTrap,883,41,3521,2357
ResinTrap,883,30,5866,2352
ResinTrap,883,9,6181,2513
ResinTrap,883,9,3864,2341
ResinTrap,883,7,4721,1956
ResinTrap,884,142,6382,2032
ResinTrap,884,7,3487,2348
ResinTrap,884,7,5872,2359
ResinTrap,884,7,4067,2312
ResinTrap,884,7,3485,2351
ResinTrap,885,17,6698,2074
ResinTrap,885,7,6721,2178
ResinTrap,885,7,6927,2749
ResinTrap,887,24,5840,2329
ResinTrap,888,12,1997,1520
ResinTrap,888,7,4680,1850
ResinTrap,888,7,3534,2360
ResinTrap,889,46,4674,1852
ResinTrap,889,7,1995,1516
ResinTrap,889,7,3715,2498
ResinTrap,889,7,4763,1952
ResinTrap,890,7,3697,2200
ResinTrap,890,7,6674,2099
ResinTrap,890,7,4265,2487
ResinTrap,891,45,3475,2310
ResinTrap,891,17,1827,1950
ResinTrap,891,7,6670,2094
ResinTrap,892,61,4022,2549
ResinTrap,892,44,3690,2548
ResinTrap,892,36,4676,1881
ResinTrap,892,32,5861,2312
ResinTrap,892,7,2013,2004
ResinTrap,892,7,4334,1512
ResinTrap,894,10,4099,2360
ResinTrap,894,7,1995,1551
ResinTrap,894,7,1657,2117
ResinTrap,894,7,5845,2337
ResinTrap,895,39,3827,2334
ResinTrap,895,23,6762,2518
ResinTrap,895,22,6572,2030
ResinTrap,895,7,1986,1985
ResinTrap,895,7,4074,2548
ResinTrap,896,55,4674,1884
ResinTrap,896,47,4292,1567
ResinTrap,896,18,4332,1514
ResinTrap,896,17,4667,1876
ResinTrap,896,12,4638,1708
ResinTrap,896,7,4077,2556
ResinTrap,897,7,3479,2317
ResinTrap,898,15,4651,1866
ResinTrap,898,10,3500,2396
ResinTrap,898,7,1920,1947
ResinTrap,898,7,4076,2553
ResinTrap,898,7,6552,2027
ResinTrap,899,27,6559,2029
ResinTrap,900,23,4661,1722
ResinTrap,900,17,3461,2394
ResinTrap,900,7,4014,2547
ResinTrap,901,12,3638,2527
ResinTrap,901,12,3884,2302
ResinTrap,902,23,3489,2379
ResinTrap,902,7,4006,2544
ResinTrap,904,7,3490,2376
ResinTrap,904,7,4571,1836
ResinTrap,904,7,5880,2314
ResinTrap,904,7,3832,2340
ResinTrap,905,42,1754,2516
ResinTrap,905,30,3669,2556
ResinTrap,905,7,5857,2316
ResinTrap,906,46,4267,1599
ResinTrap,906,37,3834,2341
ResinTrap,906,23,4291,2497
ResinTrap,906,20,3488,2369
ResinTrap,906,14,6799,2521
ResinTrap,906,12,4102,2305
ResinTrap,906,10,3839,2342
ResinTrap,906,7,4563,1837
ResinTrap,907,18,4255,2511
ResinTrap,907,7,6151,2496
ResinTrap,907,7,4257,2514
ResinTrap,908,7,6635,2034
ResinTrap,909,20,1895,2708
ResinTrap,909,7,1952,1962
ResinTrap,911,18,3693,2492
ResinTrap,911,7,4285,1580
ResinTrap,912,13,6567,2018
ResinTrap,912,7,1923,2698
ResinTrap,913,67,1743,2505
ResinTrap,913,47,5825,2361
ResinTrap,914,37,6799,2509
ResinTrap,914,20,5991,2488
ResinTrap,914,7,4389,1508
ResinTrap,914,7,5832,2360
ResinTrap,914,7,1919,2696
ResinTrap,915,7,2111,2227
ResinTrap,916,10,2004,2622
ResinTrap,916,7,3497,2396
ResinTrap,916,7,3495,2393
ResinTrap,917,31,1755,2528
ResinTrap,918,7,5994,2495
ResinTrap,919,49,1737,2541
ResinTrap,919,7,5834,2306
ResinTrap,919,7,2001,2002
ResinTrap,920,13,3884,2103
ResinTrap,920,7,5831,2298
ResinTrap,920,7,3856,2317
ResinTrap,921,65,3316,2351
ResinTrap,921,32,1973,1986
ResinTrap,921,13,1841,1592
ResinTrap,922,80,1977,1989
ResinTrap,922,47,3689,2525
ResinTrap,922,38,1984,1994
ResinTrap,922,7,1989,1996
ResinTrap,922,7,5832,2299
ResinTrap,923,13,2022,2012
ResinTrap,923,12,3894,2396
ResinTrap,923,7,4378,1886
ResinTrap,924,54,1551,2578
ResinTrap,924,33,3879,2247
ResinTrap,924,7,1768,2509
ResinTrap,924,7,5833,2300
ResinTrap,925,33,3887,2102
ResinTrap,925,18,5819,2369
ResinTrap,925,12,3321,2357
ResinTrap,925,7,5819,2372
ResinTrap,925,7,2019,2011
ResinTrap,925,7,1771,2508
ResinTrap,926,30,3692,2531
ResinTrap,926,7,1795,1730
ResinTrap,926,7,2016,2010
ResinTrap,927,88,3532,2399
ResinTrap,927,48,3668,2514
ResinTrap,927,13,3519,2296
ResinTrap,927,12,4386,2537
ResinTrap,928,7,4631,1895
ResinTrap,928,7,1780,1752
ResinTrap,929,13,2010,2008
ResinTrap,929,13,1784,1755
ResinTrap,929,7,1871,1970
ResinTrap,929,7,1787,1757
ResinTrap,930,57,1565,2578
ResinTrap,930,46,4302,1595
ResinTrap,930,7,4284,1604
ResinTrap,930,7,2007,2007
ResinTrap,931,17,4142,2568
ResinTrap,931,10,4578,1874
ResinTrap,931,7,1942,1493
ResinTrap,932,7932,1923,1458
ResinTrap,932,10,3309,2350
ResinTrap,934,7,5898,2277
ResinTrap,935,31,5811,2329
ResinTrap,935,30,5816,2324
ResinTrap,936,7,3537,2393
ResinTrap,937,1969,1956,1467
ResinTrap,937,7,5901,2273
ResinTrap,938,33,1592,2558
ResinTrap,938,7,1976,1505
ResinTrap,939,7,5900,2186
ResinTrap,939,7,4287,2473
ResinTrap,941,7,4511,1627
ResinTrap,942,7,3523,2413
ResinTrap,942,7,1736,2381
ResinTrap,943,7,1871,1635
ResinTrap,943,7,1547,2599
ResinTrap,944,18,1874,1637
ResinTrap,944,17,1737,2385
ResinTrap,944,7,1878,1640
ResinTrap,944,7,1549,2594
ResinTrap,945,7,3675,2517
ResinTrap,945,7,3683,2520
ResinTrap,946,7,6887,2403
ResinTrap,946,7,1548,2598
ResinTrap,947,158,1999,1488
ResinTrap,947,33,4490,1653
ResinTrap,947,7,3528,2414
ResinTrap,948,10,1838,1615
ResinTrap,948,7,5800,2332
ResinTrap,950,141,2003,1483
ResinTrap,950,53,1582,2564
ResinTrap,950,12,4346,1472
ResinTrap,950,7,6913,2407
ResinTrap,951,7,3552,2420
ResinTrap,952,18,3560,2306
ResinTrap,952,7,3558,2308
ResinTrap,952,7,1590,2562
ResinTrap,952,7,6300,2133
ResinTrap,954,29,1583,2563
ResinTrap,954,7,6367,2079
ResinTrap,955,7,3474,2408
ResinTrap,956,13,4353,1520
ResinTrap,956,9,2002,1481
ResinTrap,956,7,6920,2753
ResinTrap,956,7,6923,2755
ResinTrap,956,7,1578,2577
ResinTrap,957,37,6600,2756
ResinTrap,957,7,4311,1531
ResinTrap,957,7,4136,2467
ResinTrap,958,1200,1980,1472
ResinTrap,958,10,4368,1521
ResinTrap,959,13,4319,2455
ResinTrap,959,7,4373,1522
ResinTrap,959,7,4321,2452
ResinTrap,959,7,6816,2281
ResinTrap,960,13,6979,2374
ResinTrap,960,7,4378,1523
ResinTrap,961,25,5944,2162
ResinTrap,962,13,1581,2574
ResinTrap,964,14,1925,1997
ResinTrap,964,7,5879,2260
ResinTrap,965,31,4305,1929
ResinTrap,967,10,4409,1532
ResinTrap,968,7,4638,1720
ResinTrap,968,7,1781,2537
ResinTrap,968,7,1755,2565
ResinTrap,969,20,4628,1730
ResinTrap,969,7,4634,1725
ResinTrap,969,7,4632,1728
ResinTrap,972,20,2109,2589
ResinTrap,972,13,2110,2585
ResinTrap,972,7,6547,2048
ResinTrap,973,24,6816,2385
ResinTrap,973,21,3819,2387
ResinTrap,974,10,2125,2416
ResinTrap,975,23,4189,1754
ResinTrap,975,7,2126,2421
ResinTrap,975,7,2103,2673
ResinTrap,976,7,2107,2662
ResinTrap,976,7,2127,2424
ResinTrap,977,7,2128,2427
ResinTrap,978,12,3342,2335
ResinTrap,981,7,1882,1481
ResinTrap,984,7,1891,1477
ResinTrap,984,7,6775,2517
ResinTrap,985,34,6537,2046
ResinTrap,985,30,6776,2516
ResinTrap,985,13,1895,1471
ResinTrap,986,27,6545,2045
ResinTrap,986,13,6542,2038
ResinTrap,987,13,5816,2340
ResinTrap,987,7,5820,2350
ResinTrap,991,10,3503,2262
ResinTrap,994,22,1879,1462
ResinTrap,995,28,6393,2054
ResinTrap,995,7,2018,1530
ResinTrap,996,7,6292,2107
ResinTrap,996,7,1603,2611
ResinTrap,997,7,1862,1509
ResinTrap,997,7,6597,2769
ResinTrap,998,13,1607,2613
ResinTrap,998,10,6602,2767
ResinTrap,999,13,3613,2336
ResinTrap,1001,7,2157,2500
ResinTrap,1007,17,2143,2315
ResinTrap,1011,74,1608,2531
ResinTrap,1012,7,1603,2529
ResinTrap,1013,7,2095,2092
ResinTrap,1014,7,1606,2530
ResinTrap,1015,7,6225,2333
ResinTrap,1020,7,6214,2296
ResinTrap,1021,7,6210,2286
ResinTrap,1022,39,3955,2277
ResinTrap,1022,7,1889,1658
ResinTrap,1023,7,1731,1755
ResinTrap,1024,9,1912,1624
ResinTrap,1025,10,6853,2249
ResinTrap,1025,7,6417,2034
ResinTrap,1027,7,4418,1871
ResinTrap,1029,18,2136,2336
ResinTrap,1029,7,6904,2247
ResinTrap,1030,20,6944,2258
ResinTrap,1031,7,1732,1758
ResinTrap,1032,25,2478,1523
ResinTrap,1037,7,3714,2391
ResinTrap,1039,7,2461,1602
ResinTrap,1041,20,3853,2364
ResinTrap,1041,13,1624,2541
ResinTrap,1041,12,1931,1890
ResinTrap,1042,148,2143,2288
ResinTrap,1042,27,3808,2332
ResinTrap,1042,22,3815,2338
ResinTrap,1042,7,3803,2328
ResinTrap,1042,7,2142,2318
ResinTrap,1043,23,1625,2542
ResinTrap,1044,9,1911,1877
ResinTrap,1045,7,2448,1660
ResinTrap,1045,7,1890,1871
ResinTrap,1046,7,2446,1669
ResinTrap,1047,23,2104,2605
ResinTrap,1047,7,5800,2278
ResinTrap,1049,12,3723,2403
ResinTrap,1050,58,2141,2306
ResinTrap,1051,13,2129,2383
ResinTrap,1051,13,1784,2421
ResinTrap,1053,7,1990,2609
ResinTrap,1053,7,1781,2426
ResinTrap,1060,13,5854,2200
ResinTrap,1061,7,5853,2205
ResinTrap,1061,7,6608,2752
ResinTrap,1064,7,3916,2281
ResinTrap,1065,47,6482,2028
ResinTrap,1065,9,1996,2011
ResinTrap,1066,20,6771,2316
ResinTrap,1066,7,4590,1673
ResinTrap,1067,28,1912,1913
ResinTrap,1067,20,6599,2737
ResinTrap,1067,7,3911,2288
ResinTrap,1068,13,4490,2353
ResinTrap,1070,32,4649,1604
ResinTrap,1070,13,6599,2728
ResinTrap,1070,7,6603,2745
ResinTrap,1072,7,6780,2278
ResinTrap,1073,7,3962,2289
ResinTrap,1074,13,6779,2282
ResinTrap,1075,12,1656,2091
ResinTrap,1075,7,1659,1798
ResinTrap,1076,35,6627,2918
ResinTrap,1076,10,5633,2175
ResinTrap,1077,9,4208,2084
ResinTrap,1077,7,4204,2082
ResinTrap,1077,7,6623,2753
ResinTrap,1078,7,1646,2523
ResinTrap,1078,7,6633,2750
ResinTrap,1079,21,3893,2419
ResinTrap,1081,20,1649,2521
ResinTrap,1082,13,6473,2055
ResinTrap,1084,77,1875,1927
ResinTrap,1085,31,6608,2914
ResinTrap,1085,26,2265,1462
ResinTrap,1087,40,1653,2087
ResinTrap,1087,20,1917,1975
ResinTrap,1087,10,1655,2092
ResinTrap,1087,7,1897,1936
ResinTrap,1088,53,6594,2931
ResinTrap,1089,13,6571,2926
ResinTrap,1089,7,1758,1776
ResinTrap,1090,18,4022,2494
ResinTrap,1090,7,6620,2916
ResinTrap,1090,7,3870,2363
ResinTrap,1090,7,3882,2342
ResinTrap,1090,7,3970,2339
ResinTrap,1091,57,3964,2342
ResinTrap,1091,20,3875,2351
ResinTrap,1091,7,3968,2342
ResinTrap,1093,7,6607,2905
ResinTrap,1094,20,3962,2351
ResinTrap,1094,7,6606,2902
ResinTrap,1097,24,1914,1942
ResinTrap,1098,7,2235,1599
ResinTrap,1099,7,2233,1609
ResinTrap,1100,26,5640,2139
ResinTrap,1100,24,4422,1857
ResinTrap,1100,7,2434,1503
ResinTrap,1102,23,6974,2415
ResinTrap,1102,7,6576,2750
ResinTrap,1104,13,2430,1505
ResinTrap,1104,10,6763,2957
ResinTrap,1105,39,4107,2402
ResinTrap,1105,23,2133,2301
ResinTrap,1105,21,4105,2429
ResinTrap,1105,12,3814,2225
ResinTrap,1107,26,2051,2124
ResinTrap,1107,12,4048,2452
ResinTrap,1107,7,4090,2392
ResinTrap,1108,7,4104,2409
ResinTrap,1109,13,4098,2416
ResinTrap,1109,7,4101,2413
ResinTrap,1110,7,2426,1510
ResinTrap,1111,25,4096,2417
ResinTrap,1112,19,1805,1870
ResinTrap,1113,20,4078,2450
ResinTrap,1113,14,1990,2092
ResinTrap,1113,7,4095,2421
ResinTrap,1114,18,6952,2280
ResinTrap,1114,7,6840,2203
ResinTrap,1115,3238,6228,2154
ResinTrap,1116,7,2421,1515
ResinTrap,1117,21,1959,2058
ResinTrap,1118,17,1932,2495
ResinTrap,1118,7,3788,2253
ResinTrap,1118,7,1930,2492
ResinTrap,1119,20,1832,1954
ResinTrap,1121,20,6592,2956
ResinTrap,1121,7,6593,2952
ResinTrap,1124,7,2409,1557
ResinTrap,1125,14,6215,2125
ResinTrap,1125,14,2030,2194
ResinTrap,1127,7,2394,1532
ResinTrap,1127,7,5907,2207
ResinTrap,1130,7,2387,1563
ResinTrap,1132,12,4467,1776
ResinTrap,1132,7,4716,1651
ResinTrap,1132,7,2391,1638
ResinTrap,1134,7,6787,2944
ResinTrap,1135,7,6566,2898
ResinTrap,1139,93,6114,2189
ResinTrap,1141,13,5650,2111
ResinTrap,1141,7,2079,2534
ResinTrap,1142,7,6125,2188
ResinTrap,1142,7,6128,2186
ResinTrap,1143,17,1827,1929
ResinTrap,1143,10,6494,2063
ResinTrap,1144,31,4192,2131
ResinTrap,1146,14,4183,2135
ResinTrap,1147,7,1983,2154
ResinTrap,1148,23,1863,2048
ResinTrap,1157,12,4301,1973
ResinTrap,1159,7,2031,2309
ResinTrap,1160,182,2006,2310
ResinTrap,1163,7,4188,2166
ResinTrap,1163,7,1836,1953
ResinTrap,1165,7,4166,2283
ResinTrap,1165,7,1840,1965
ResinTrap,1165,7,1844,1974
ResinTrap,1166,22,2000,2329
ResinTrap,1166,18,6180,2170
ResinTrap,1167,10,4432,1793
ResinTrap,1167,9,4465,1788
ResinTrap,1168,19,5950,2400
ResinTrap,1168,7,1933,2367
ResinTrap,1169,7,6622,2955
ResinTrap,1170,7,4202,2512
ResinTrap,1172,10,5963,2317
ResinTrap,1172,7,5960,2330
ResinTrap,1173,20,6627,2958
ResinTrap,1173,9,5941,2402
ResinTrap,1175,12,3641,2288
ResinTrap,1175,7,1963,2343
ResinTrap,1177,12,4568,1704
ResinTrap,1177,7,1960,2301
ResinTrap,1178,7,1955,2305
ResinTrap,1179,7,1946,2311
ResinTrap,1180,10,6846,2223
ResinTrap,1181,13,1691,2562
ResinTrap,1182,7,5938,2312
ResinTrap,1184,7,5933,2344
ResinTrap,1185,1061,1676,2554
ResinTrap,1186,15,1665,2608
ResinTrap,1188,12,1650,2619
ResinTrap,1192,12,4748,1975
ResinTrap,1194,7,1636,2629
ResinTrap,1196,7,6207,2166
ResinTrap,1196,7,6208,2163
ResinTrap,1197,7,6205,2171
ResinTrap,1201,17,5966,2413
ResinTrap,1201,7,5977,2385
ResinTrap,1202,7,6934,2307
ResinTrap,1202,7,1705,2489
ResinTrap,1203,13,6943,2340
ResinTrap,1203,10,6942,2334
ResinTrap,1203,10,6941,2329
ResinTrap,1204,1767,5979,2340
ResinTrap,1205,16,1724,2474
ResinTrap,1206,7,6545,2747
ResinTrap,1207,7,1971,2274
ResinTrap,1209,7,6551,2745
ResinTrap,1210,12,1879,2275
ResinTrap,1210,10,1907,2287
ResinTrap,1210,7,5985,2312
ResinTrap,1210,7,1960,2282
ResinTrap,1211,7,1951,2286
ResinTrap,1212,7,5832,2201
ResinTrap,1213,7,5976,2338
ResinTrap,1214,7,1824,2590
ResinTrap,1215,17,4377,1934
ResinTrap,1215,7,5975,2333
ResinTrap,1215,7,1854,2254
ResinTrap,1216,21,4340,1999
ResinTrap,1216,14,6419,2145
ResinTrap,1216,10,6415,2155
ResinTrap,1216,7,1852,2179
ResinTrap,1217,10,5974,2328
ResinTrap,1217,9,4393,1950
ResinTrap,1219,7,4338,1970
ResinTrap,1219,7,1846,2187
ResinTrap,1219,7,1844,2240
ResinTrap,1221,13,5857,2208
ResinTrap,1221,10,1842,2194
ResinTrap,1221,7,1840,2231
ResinTrap,1222,10,1838,2221
ResinTrap,1222,10,1840,2199
ResinTrap,1223,17,1838,2205
ResinTrap,1224,7,1856,2281
ResinTrap,1224,7,4294,2040
ResinTrap,1225,7,6670,2753
ResinTrap,1229,12,6805,2224
ResinTrap,1230,14,1846,2284
ResinTrap,1233,7,4419,2409
ResinTrap,1236,10,3945,2496
ResinTrap,1243,23,4486,1815
ResinTrap,1244,7,5992,2329
ResinTrap,1245,7,4716,1725
ResinTrap,1248,7,4492,1790
ResinTrap,1250,7,6899,2317
ResinTrap,1251,10,6909,2354
ResinTrap,1251,10,6905,2334
ResinTrap,1251,7,6906,2339
ResinTrap,1252,7,6167,2246
ResinTrap,1253,20,6457,2181
ResinTrap,1253,17,6475,2180
ResinTrap,1256,9,6496,2185
ResinTrap,1257,68,6453,2193
ResinTrap,1259,22,5840,2323
ResinTrap,1259,7,4244,2122
ResinTrap,1263,7,5863,2300
ResinTrap,1264,7,4270,2416
ResinTrap,1265,27,6475,2205
ResinTrap,1265,7,4250,2406
ResinTrap,1268,7,6406,2232
ResinTrap,1269,10,6231,2255
ResinTrap,1270,40,6465,2220
ResinTrap,1270,7,6461,2223
ResinTrap,1271,27,6453,2221
ResinTrap,1271,7,6430,2225
ResinTrap,1272,21,5748,2292
ResinTrap,1272,10,6444,2222
ResinTrap,1272,7,6481,2219
ResinTrap,1274,7,6241,2248
ResinTrap,1275,7,6555,2244
ResinTrap,1276,21,6723,2226
ResinTrap,1277,7,6722,2230
ResinTrap,1279,10,5823,2320
ResinTrap,1279,7,6577,2938
ResinTrap,1280,7,6301,2308
ResinTrap,1280,7,6595,2950
ResinTrap,1282,7,6629,2973
ResinTrap,1284,7,6663,2996
ResinTrap,1286,7,6697,3019
ResinTrap,1286,7,6067,2344
ResinTrap,1287,23,6059,2364
ResinTrap,1287,7,6715,3031
ResinTrap,1290,7,5782,2308
ResinTrap,1290,7,1875,2396
ResinTrap,1292,7,5790,2310
ResinTrap,1297,12,6853,2848
ResinTrap,1301,10,6310,2445
ResinTrap,1301,7,6310,2431
ResinTrap,1306,7,5791,2222
ResinTrap,1310,7,1883,2403
ResinTrap,1315,7,4558,1957
ResinTrap,1317,12,1874,2397
ResinTrap,1318,7,4619,1952
ResinTrap,1319,22,1931,2127
ResinTrap,1320,7,1902,2118
ResinTrap,1325,4961,5748,2213
ResinTrap,1326,7,5691,2242
ResinTrap,1330,7,5886,2217
ResinTrap,1331,7,5881,2214
ResinTrap,1333,13,6481,2518
ResinTrap,1333,7,6488,2517
ResinTrap,1333,7,1851,2385
ResinTrap,1334,7,5726,2282
ResinTrap,1334,7,1846,2382
ResinTrap,1334,7,1833,2375
ResinTrap,1334,7,5723,2280
ResinTrap,1335,13,6464,2525
ResinTrap,1335,7,6565,2349
ResinTrap,1336,7,6384,2472
ResinTrap,1337,27,5769,2307
ResinTrap,1338,28,6560,2892
ResinTrap,1338,27,4519,1948
ResinTrap,1339,4853,5739,2185
ResinTrap,1339,673,5732,2182
ResinTrap,1339,22,5805,2175
ResinTrap,1339,12,5732,2200
ResinTrap,1340,22,6404,2510
ResinTrap,1340,13,5767,2154
ResinTrap,1340,7,6412,2517
ResinTrap,1340,7,6415,2519
ResinTrap,1340,7,6418,2521
ResinTrap,1341,7,6617,2930
ResinTrap,1342,10,6577,2369
ResinTrap,1342,7,6635,2942
ResinTrap,1342,7,5788,2320
ResinTrap,1343,385,5785,2179
ResinTrap,1343,7,4525,1948
ResinTrap,1344,16,5761,2159
ResinTrap,1344,13,5871,2191
ResinTrap,1344,7,6669,2965
ResinTrap,1346,7,4529,1950
ResinTrap,1346,7,6703,2988
ResinTrap,1347,7,6721,3000
ResinTrap,1348,7,4532,1953
ResinTrap,1350,31,1900,2135
ResinTrap,1351,35,4538,1974
ResinTrap,1351,7,4536,1956
ResinTrap,1353,10,4539,1961
ResinTrap,1355,10,4394,2125
ResinTrap,1356,10,6591,2440
ResinTrap,1357,10,6590,2449
ResinTrap,1358,10,6588,2460
ResinTrap,1358,7,6578,2485
ResinTrap,1358,7,6587,2464
ResinTrap,1358,7,6583,2475
ResinTrap,1358,7,6586,2467
ResinTrap,1363,13,4546,2022
ResinTrap,1363,7,6111,2413
ResinTrap,1363,7,4544,2032
ResinTrap,1363,7,4545,2028
ResinTrap,1364,13,4543,2037
ResinTrap,1364,12,5768,2213
ResinTrap,1368,7,5809,2238
ResinTrap,1368,7,5811,2235
ResinTrap,1370,7,4380,2138
ResinTrap,1372,20,4515,2017
ResinTrap,1391,19,4325,2012
ResinTrap,1414,7,4568,2046
ResinTrap,1428,7,4319,2050
ResinTrap,1454,13,4516,1896
ResinTrap,1455,7,6653,2865
ResinTrap,1456,7,6671,2877
ResinTrap,1458,7,6705,2900
ResinTrap,1459,7,6723,2912
ResinTrap,1468,7,6607,2807
ResinTrap,1469,7,6625,2819
ResinTrap,1470,13,4381,1907
ResinTrap,1471,7,6659,2842
ResinTrap,1472,7,6677,2854
ResinTrap,1473,7,6695,2866
ResinTrap,1476,7,6747,2901
ResinTrap,1510,7,6714,2600
ResinTrap,1531,7,6893,2711
ResinTrap,1535,17,6813,2703
ResinTrap,1536,13,6396,2433
ResinTrap,1560,7,6674,2791
ResinTrap,1562,7,6710,2815
ResinTrap,1564,7,6747,2840
ResinTrap,1565,7,6765,2852
ResinTrap,1566,7,6780,2862
SuctionCup,0,266943,5854,1624
SuctionCup,0,266943,3256,1124
SuctionCup,0,266943,6720,3124
SuctionCup,0,266943,2823,2874
SuctionCup,0,266943,1957,1374
SuctionCup,0,266943,4988,2624
SuctionCup,0,266943,4555,1374
SuctionCup,0,266943,4988,2124
SuctionCup,0,266943,4122,1624
SuctionCup,0,266943,6287,2374
SuctionCup,0,266943,2823,2374
SuctionCup,0,266943,4988,3124
SuctionCup,0,266943,5854,2124
SuctionCup,0,266943,1524,1624
SuctionCup,0,266943,4555,2374
SuctionCup,0,266943,1957,1874
SuctionCup,0,266943,5854,2624
SuctionCup,0,266943,5421,1374
SuctionCup,0,266943,2390,2624
SuctionCup,0,266943,3256,1624
SuctionCup,0,266943,4988,1624
SuctionCup,0,266943,4122,2624
SuctionCup,0,266943,1957,2374
SuctionCup,0,266943,5854,3124
SuctionCup,0,266943,4122,2124
SuctionCup,0,266943,5421,2874
SuctionCup,0,266943,2823,1874
SuctionCup,0,266943,3689,1374
SuctionCup,0,266943,5421,2374
SuctionCup,0,266943,6720,1624
SuctionCup,0,266943,6287,1874
SuctionCup,0,266943,3689,2374
SuctionCup,0,266943,2390,1624
SuctionCup,0,266943,4555,2874
SuctionCup,0,266943,6720,2624
SuctionCup,0,266928,2678,2124
SuctionCup,0,266928,3977,2374
SuctionCup,0,266928,3544,1124
SuctionCup,0,266928,3544,2624
SuctionCup,0,266928,6575,2874
SuctionCup,0,266928,6142,1624
SuctionCup,0,266928,2678,1624
SuctionCup,0,266928,7008,2624
SuctionCup,0,266928,5276,2624
SuctionCup,0,266928,1379,1874
SuctionCup,0,266928,5276,2124
SuctionCup,0,266928,3111,2874
SuctionCup,0,266928,1379,2374
SuctionCup,0,266928,5276,3124
SuctionCup,0,266928,7008,2124
SuctionCup,0,266928,3111,1374
SuctionCup,0,266928,4843,2374
SuctionCup,0,266928,6575,2374
SuctionCup,0,266928,4843,2874
SuctionCup,0,266928,1812,2124
SuctionCup,0,266928,3111,2374
SuctionCup,0,266928,1812,1624
SuctionCup,0,266928,5709,1874
SuctionCup,0,266928,2678,2624
SuctionCup,0,266928,5709,1374
SuctionCup,0,266928,4410,2624
SuctionCup,0,266928,5276,1624
SuctionCup,0,266928,3544,1624
SuctionCup,0,266928,3111,1874
SuctionCup,0,266928,2245,2874
SuctionCup,0,266928,5709,2874
SuctionCup,0,266928,5709,2374
SuctionCup,0,266912,2534,1041
SuctionCup,0,266912,2101,2291
SuctionCup,0,266912,2534,2541
SuctionCup,0,266912,2967,2791
SuctionCup,0,266912,4699,2291
SuctionCup,0,266912,2534,2041
SuctionCup,0,266912,2967,1291
SuctionCup,0,266912,5132,2541
SuctionCup,0,266912,6864,3041
SuctionCup,0,266912,4266,2041
SuctionCup,0,266912,3400,1041
SuctionCup,0,266912,5998,1541
SuctionCup,0,266912,5132,3041
SuctionCup,0,266912,3833,2791
SuctionCup,0,266912,5565,2791
SuctionCup,0,266912,2967,1791
SuctionCup,0,266912,2534,1541
SuctionCup,0,266912,5565,2291
SuctionCup,0,266912,5565,1791
SuctionCup,0,266912,2101,1291
SuctionCup,0,266912,3400,2041
SuctionCup,0,266912,2967,2291
SuctionCup,0,266912,6431,1791
SuctionCup,0,266912,6431,2291
SuctionCup,0,266912,5998,3041
SuctionCup,0,266912,3833,1291
SuctionCup,0,266912,4266,2541
SuctionCup,0,266912,5132,1541
SuctionCup,0,266912,4266,3041
SuctionCup,0,266912,6431,2791
SuctionCup,0,266912,3400,1541
SuctionCup,0,266912,4699,2791
SuctionCup,0,266908,6864,2041
SuctionCup,0,266890,1668,2207
SuctionCup,0,266890,3400,1707
SuctionCup,0,266890,4699,2957
SuctionCup,0,266890,5565,1457
SuctionCup,0,266890,2967,1457
SuctionCup,0,266890,6431,2957
SuctionCup,0,266890,5132,2207
SuctionCup,0,266890,4266,1207
SuctionCup,0,266890,2534,1207
SuctionCup,0,266890,5998,2207
SuctionCup,0,266890,3833,2457
SuctionCup,0,266890,5132,2707
SuctionCup,0,266890,2101,1457
SuctionCup,0,266890,3833,1457
SuctionCup,0,266890,2534,2207
SuctionCup,0,266890,4266,2207
SuctionCup,0,266890,3833,2957
SuctionCup,0,266890,4699,1957
SuctionCup,0,266890,4266,2707
SuctionCup,0,266890,6864,2207
SuctionCup,0,266890,5565,2957
SuctionCup,0,266890,5998,3207
SuctionCup,0,266890,3400,1207
SuctionCup,0,266890,4699,2457
SuctionCup,0,266890,1668,1207
SuctionCup,0,266890,2534,2707
SuctionCup,0,266890,2967,2457
SuctionCup,0,266890,5998,2707
SuctionCup,0,266890,5998,1707
SuctionCup,0,266890,2967,2957
SuctionCup,0,266890,2967,1957
SuctionCup,0,266882,6864,2541
SuctionCup,0,266873,2101,1791
SuctionCup,0,266872,2101,2791
SuctionCup,0,266843,6431,2457
SuctionCup,0,266815,7153,2374
SuctionCup,0,266783,3400,2207
SuctionCup,0,266737,1379,2874
SuctionCup,0,266373,1812,2624
SuctionCup,0,266344,5421,1541
SuctionCup,0,266344,5421,2541
SuctionCup,0,266344,5421,3041
SuctionCup,0,266344,5421,2041
SuctionCup,0,266342,1957,1041
SuctionCup,0,266342,6720,1791
SuctionCup,0,266342,2823,1041
SuctionCup,0,266342,4122,1791
SuctionCup,0,266342,6720,2291
SuctionCup,0,266342,3256,2791
SuctionCup,0,266342,2823,2541
SuctionCup,0,266342,1957,1541
SuctionCup,0,266342,2823,2041
SuctionCup,0,266342,3256,1291
SuctionCup,0,266342,4122,2791
SuctionCup,0,266342,5854,2791
SuctionCup,0,266342,3256,1791
SuctionCup,0,266342,1957,2041
SuctionCup,0,266342,1957,2541
SuctionCup,0,266342,4555,2541
SuctionCup,0,266342,4122,1291
SuctionCup,0,266342,4555,3041
SuctionCup,0,266341,3689,2041
SuctionCup,0,266341,4988,2791
SuctionCup,0,266341,3689,1541
SuctionCup,0,266341,2390,1791
SuctionCup,0,266341,4988,2291
SuctionCup,0,266341,1524,2791
SuctionCup,0,266341,4988,1791
SuctionCup,0,266341,3689,3041
SuctionCup,0,266341,2390,2791
SuctionCup,0,266341,1524,1791
SuctionCup,0,266341,6287,3041
SuctionCup,0,266307,2245,2374
SuctionCup,0,266306,5854,2291
SuctionCup,0,266301,7008,1791
SuctionCup,0,266301,4843,2541
SuctionCup,0,266301,5276,1291
SuctionCup,0,266301,5709,1541
SuctionCup,0,266301,3111,1041
SuctionCup,0,266301,5276,2791
SuctionCup,0,266301,4843,3041
SuctionCup,0,266301,2678,1791
SuctionCup,0,266301,3544,2791
SuctionCup,0,266301,1812,2791
SuctionCup,0,266301,5276,2291
SuctionCup,0,266301,5709,2541
SuctionCup,0,266301,3111,2541
SuctionCup,0,266301,5276,1791
SuctionCup,0,266301,2678,2291
SuctionCup,0,266301,7008,2791
SuctionCup,0,266301,3544,1291
SuctionCup,0,266301,3111,2041
SuctionCup,0,266301,3111,1541
SuctionCup,0,266301,5709,3041
SuctionCup,0,266301,6142,2791
SuctionCup,0,266301,6142,1791
SuctionCup,0,266301,3544,1791
SuctionCup,0,266301,2245,2541
SuctionCup,0,266301,2678,2791
SuctionCup,0,266301,3544,2291
SuctionCup,0,266299,6575,3041
SuctionCup,0,266299,3977,1541
SuctionCup,0,266299,1379,2041
SuctionCup,0,266299,1379,2541
SuctionCup,0,266299,3977,3041
SuctionCup,0,266289,3256,1457
SuctionCup,0,266289,3256,1957
SuctionCup,0,266289,1524,1457
SuctionCup,0,266289,5421,2207
SuctionCup,0,266289,1524,2457
SuctionCup,0,266289,1957,2207
SuctionCup,0,266289,3256,2957
SuctionCup,0,266289,3689,2207
SuctionCup,0,266289,5854,1457
SuctionCup,0,266289,2823,1207
SuctionCup,0,266289,3689,2707
SuctionCup,0,266289,4988,2957
SuctionCup,0,266289,5854,2457
SuctionCup,0,266289,4555,1207
SuctionCup,0,266289,1957,1707
SuctionCup,0,266289,5421,2707
SuctionCup,0,266289,4122,2457
SuctionCup,0,266289,4122,1457
SuctionCup,0,266289,2823,2207
SuctionCup,0,266289,2390,2457
SuctionCup,0,266289,5421,1707
SuctionCup,0,266289,2390,1957
SuctionCup,0,266289,4122,2957
SuctionCup,0,266289,2390,2957
SuctionCup,0,266289,2390,1457
SuctionCup,0,266289,4988,1957
SuctionCup,0,266289,4555,2207
SuctionCup,0,266289,2823,1707
SuctionCup,0,266289,5854,2957
SuctionCup,0,266289,3689,1207
SuctionCup,0,266289,1957,1207
SuctionCup,0,266289,4988,2457
SuctionCup,0,266289,4555,2707
SuctionCup,0,266289,2823,2707
SuctionCup,0,266289,6287,2707
SuctionCup,0,266277,3689,2541
SuctionCup,0,266266,5276,1457
SuctionCup,0,266266,5276,2457
SuctionCup,0,266266,3544,1457
SuctionCup,0,266266,5709,2207
SuctionCup,0,266266,4843,2707
SuctionCup,0,266266,3544,2957
SuctionCup,0,266266,3544,1957
SuctionCup,0,266266,5276,2957
SuctionCup,0,266266,5709,3207
SuctionCup,0,266266,5709,1707
SuctionCup,0,266266,5276,1957
SuctionCup,0,266266,6142,2957
SuctionCup,0,266266,4843,2207
SuctionCup,0,266262,2678,957
SuctionCup,0,266262,3111,2707
SuctionCup,0,266262,3111,1707
SuctionCup,0,266262,7008,1957
SuctionCup,0,266262,6575,1707
SuctionCup,0,266262,3977,2207
SuctionCup,0,266262,7008,2957
SuctionCup,0,266262,1379,2707
SuctionCup,0,266262,3977,2707
SuctionCup,0,266262,3111,1207
SuctionCup,0,266262,2678,2457
SuctionCup,0,266262,2678,1957
SuctionCup,0,266262,1379,2207
SuctionCup,0,266262,2678,2957
SuctionCup,0,266262,3111,2207
SuctionCup,0,266262,4410,2957
SuctionCup,0,266262,6575,3207
SuctionCup,0,266262,3977,1207
SuctionCup,0,266262,2245,1207
SuctionCup,0,266255,4122,1124
SuctionCup,0,266169,3544,2124
SuctionCup,0,266166,7153,2207
SuctionCup,0,266079,1957,2707
SuctionCup,0,266072,1379,1707
SuctionCup,0,265832,6287,3207
SuctionCup,0,265778,1812,1457
SuctionCup,0,265778,4410,1624
SuctionCup,0,265715,2534,2374
SuctionCup,0,265715,2967,2124
SuctionCup,0,265715,4699,2124
SuctionCup,0,265715,4266,2374
SuctionCup,0,265715,3400,1874
SuctionCup,0,265715,5998,2374
SuctionCup,0,265715,4699,3124
SuctionCup,0,265715,3833,2624
SuctionCup,0,265715,4266,1874
SuctionCup,0,265715,3833,2124
SuctionCup,0,265715,1668,2374
SuctionCup,0,265715,5565,3124
SuctionCup,0,265715,5132,2874
SuctionCup,0,265715,2534,1874
SuctionCup,0,265715,5132,2374
SuctionCup,0,265715,4266,2874
SuctionCup,0,265715,2967,2624
SuctionCup,0,265715,3400,2374
SuctionCup,0,265715,6864,2374
SuctionCup,0,265715,6431,3124
SuctionCup,0,265715,6431,2624
SuctionCup,0,265715,4699,2624
SuctionCup,0,265713,3833,1624
SuctionCup,0,265713,4266,1374
SuctionCup,0,265713,3833,1124
SuctionCup,0,265713,2534,1374
SuctionCup,0,265713,2967,1624
SuctionCup,0,265713,6431,1624
SuctionCup,0,265713,3400,1374
SuctionCup,0,265713,2101,1624
SuctionCup,0,265713,5565,1624
SuctionCup,0,265713,2967,1124
SuctionCup,0,265678,2245,1041
SuctionCup,0,265632,2245,2207
SuctionCup,0,265631,4122,2291
SuctionCup,0,265630,2535,2874
SuctionCup,0,265577,6720,2791
SuctionCup,0,265519,6720,2957
SuctionCup,0,265505,3544,2457
SuctionCup,0,265363,1957,2874
SuctionCup,0,265357,6287,2541
SuctionCup,0,265319,7008,2457
SuctionCup,0,265159,4410,1791
SuctionCup,0,265151,4410,2791
SuctionCup,0,265006,6431,1957
SuctionCup,0,264234,5709,2041
SuctionCup,0,263999,1812,1291
SuctionCup,0,263483,4843,2041
SuctionCup,0,263280,2390,1291
SuctionCup,0,262795,7008,2291
SuctionCup,0,261942,2535,1707
SuctionCup,0,261241,2390,2291
SuctionCup,0,261225,5132,2041
SuctionCup,0,260933,6864,1874
SuctionCup,0,260922,3400,2541
SuctionCup,0,260632,3689,1875
SuctionCup,0,260592,4843,1541
SuctionCup,0,259151,2390,2124
SuctionCup,0,258797,6575,1874
SuctionCup,0,258405,2390,957
SuctionCup,0,258373,6864,1707
SuctionCup,0,258165,5132,1374
SuctionCup,0,258112,4555,1541
SuctionCup,0,258017,4846,1374
SuctionCup,0,257943,6864,2707
SuctionCup,0,255752,6287,1541
SuctionCup,0,255142,1524,2624
SuctionCup,0,254857,1524,1957
SuctionCup,0,254111,4555,2041
SuctionCup,0,254059,5998,2541
SuctionCup,0,253797,1812,2457
SuctionCup,0,253759,6288,2041
SuctionCup,0,253415,2390,1124
SuctionCup,0,253147,3977,1374
SuctionCup,0,253114,3256,2624
SuctionCup,0,252674,1668,2041
SuctionCup,0,252367,2247,1541
SuctionCup,0,252284,1668,1707
SuctionCup,0,250352,2101,2624
SuctionCup,0,249895,3693,2874
SuctionCup,0,249854,3977,2541
SuctionCup,0,249644,6864,2874
SuctionCup,0,249455,6575,2541
SuctionCup,0,249242,5565,1962
SuctionCup,0,249074,4266,1541
SuctionCup,0,248393,2101,1957
SuctionCup,0,248013,5565,2624
SuctionCup,0,247966,4843,1874
SuctionCup,0,247579,6142,3127
SuctionCup,0,245939,5709,2707
SuctionCup,0,245922,1812,1124
SuctionCup,0,245392,7153,2041
SuctionCup,0,245313,1812,2291
SuctionCup,0,245238,7153,2541
SuctionCup,0,244011,2678,1457
SuctionCup,0,242789,2823,1374
SuctionCup,0,242478,6287,1707
SuctionCup,0,242229,6287,2874
SuctionCup,0,241995,4272,1707
SuctionCup,0,239412,2245,2041
SuctionCup,0,239142,1668,1376
SuctionCup,0,238727,4410,1457
SuctionCup,0,237712,1668,2544
SuctionCup,0,237168,6142,2624
SuctionCup,0,237060,4410,1961
SuctionCup,0,236972,4988,1457
SuctionCup,333,14268,2296,1716
SuctionCup,514,20954,6929,2284
SuctionCup,877,10495,3479,2324
