Island,168,1,3355,2001
Island,169,1,3351,2024
Island,170,1,3348,2041
Island,173,1,3340,2086
Island,174,1,3338,2098
Island,175,2,3336,2109
Island,182,1,3324,2177
Island,193,1,3310,2256
Island,206,1,3297,2330
Island,213,1,3291,2364
Island,216,2,3564,1656
Island,216,1,3563,1657
Island,218,1,3287,2387
Island,247,1,3267,2500
Island,248,7,4735,2013
Island,258,1,5174,2287
Island,258,1,5173,2285
Island,261,1,3259,2546
Island,267,22,5277,2286
Island,271,2,6300,1188
Island,278,1,3250,2597
Island,279,83,6196,1191
Island,282,1,3248,2608
Island,286,1,3246,2619
Island,289,21,5249,2356
Island,292,2,4981,2094
Island,292,1,5366,2438
Island,293,7,6034,1160
Island,298,44,5382,2463
Island,298,1,5403,2466
Island,299,156,6147,1168
Island,300,9,5473,2357
Island,302,57,5147,2225
Island,303,27,5132,2215
Island,305,66,5445,2456
Island,312,8,5484,2458
Island,313,155,5477,2448
Island,315,49,6555,1053
Island,323,138,5915,1184
Island,323,51,5528,2452
Island,330,1,3227,2727
Island,334,11,6244,1092
Island,336,2,4601,1959
Island,343,1,3222,2755
Island,349,69,5978,1184
Island,378,1,3210,2824
Island,378,1,6030,1125
Island,378,1,6029,1123
Island,378,1,6028,1122
Island,412,20,5744,2439
Island,412,1,5743,2445
Island,413,1,5834,1078
Island,413,1,6120,1074
Island,413,1,6119,1073
Island,413,1,6118,1072
Island,414,3,5840,1076
Island,414,1,3199,2886
Island,415,1,5834,1075
Island,416,1,5841,1076
Island,416,1,5834,1073
Island,417,73,5765,1162
Island,419,216,6633,934
Island,422,151,4198,2870
Island,424,8,5979,2578
Island,424,1,5978,2577
Island,425,52,5977,2575
Island,425,13,5930,2553
Island,425,2,5942,2555
Island,425,1,4235,2816
Island,425,1,5976,2574
Island,426,2,6718,917
Island,430,19,6003,2612
Island,430,1,6002,2611
Island,430,1,6001,2610
Island,430,1,6000,2609
Island,430,1,5999,2608
Island,432,12,6027,2657
Island,448,1,5793,2718
Island,450,95,4317,2009
Island,452,36,5398,2676
Island,452,2,5492,2080
Island,455,51,4617,1899
Island,455,41,5393,2568
Island,455,1,3188,2948
Island,456,36,5871,2427
Island,460,192,4851,2700
Island,462,1,5619,1290
Island,467,18,4763,1937
Island,468,32,6164,2591
Island,474,1,5928,2374
Island,476,2387,4353,2738
Island,478,52,6158,2572
Island,479,63,6144,2558
Island,480,40,6141,2541
Island,482,5,5881,2302
Island,482,2,6168,2556
Island,483,153,5875,2299
Island,483,26,4918,2765
Island,484,87,5728,2206
Island,484,30,5187,2738
Island,485,8,4930,2739
Island,486,126,4832,2763
Island,486,5,5191,2791
Island,486,1,5190,2793
Island,486,1,5195,2790
Island,487,34,5391,1978
Island,487,5,5058,1907
Island,488,8,6138,2483
Island,488,1,6142,2491
Island,489,20,6460,2550
Island,490,32,6299,2617
Island,490,1,6312,2600
Island,490,1,6311,2599
Island,490,1,6310,2598
Island,491,3,4909,2805
Island,491,1,5159,2799
Island,491,1,5160,2798
Island,492,93,4906,2800
Island,492,8,6340,2602
Island,493,80,5499,1220
Island,493,30,5923,2330
Island,495,85,5673,2141
Island,495,70,4867,2818
Island,495,61,6293,2629
Island,495,1,6307,2641
Island,496,146,6157,2502
Island,498,27,6455,2578
Island,498,22,4942,2772
Island,498,13,6429,2596
Island,498,1,3178,3005
Island,498,1,6434,2603
Island,499,17,5471,1065
Island,499,9,4960,2726
Island,500,68,6339,2696
Island,500,4,6324,2551
Island,501,10,4976,2905
Island,502,162,5828,2222
Island,502,36,6378,2581
Island,502,28,6456,2609
Island,502,1,6284,2619
Island,503,80,6360,2545
Island,506,132,6402,2576
Island,506,28,6483,2501
Island,507,7,6470,2544
Island,507,1,3176,3016
Island,508,78,5453,1192
Island,508,77,6466,2539
Island,508,30,6462,2550
Island,508,1,6408,2525
Island,510,83,4919,2907
Island,510,11,6367,2713
Island,510,2,6285,2535
Island,510,2,6286,2533
Island,510,1,6447,2561
Island,510,1,6237,2511
Island,511,116,6279,2526
Island,511,29,6435,2519
Island,514,75,6398,2476
Island,515,8,5485,940
Island,517,2,4911,2910
Island,519,57,6453,2477
Island,519,40,6346,2745
Island,519,14,6445,2486
Island,520,14,6319,2743
Island,520,7,5179,1908
Island,523,214,5042,2942
Island,524,52,6484,2470
Island,524,1,5519,2059
Island,524,1,5520,2058
Island,524,1,5521,2057
Island,524,1,5522,2056
Island,525,96,4994,2799
Island,525,84,6213,2447
Island,525,39,6421,2458
Island,525,10,6430,2470
Island,525,1,6469,2509
Island,525,1,6320,2499
Island,527,6,5321,1156
Island,528,25,6513,2471
Island,528,17,6513,2457
Island,528,11,5398,1151
Island,529,131,4996,2765
Island,529,62,5368,1064
Island,529,19,6510,2450
Island,532,166,5633,2092
Island,532,1,3171,3045
Island,534,15,6570,2538
Island,535,33,6380,2492
Island,539,95,4928,2984
Island,539,1,6565,2615
Island,540,27,5333,953
Island,540,9,6563,2489
Island,540,6,6565,2497
Island,541,19,6405,2463
Island,542,9,4813,2170
Island,543,38,6396,2442
Island,543,22,5355,1169
Island,544,76,5739,851
Island,544,64,5304,1011
Island,544,23,5357,1154
Island,544,22,6226,2729
Island,544,8,4790,2203
Island,546,147,6513,2445
Island,546,23,5572,2056
Island,547,1,5584,2065
Island,547,1,5583,2064
Island,547,1,5582,2063
Island,547,1,5335,878
Island,548,16,5330,1160
Island,548,1,5285,932
Island,550,18,5401,877
Island,552,88,5218,1014
Island,553,1,5247,988
Island,553,1,5262,926
Island,554,224,5305,1905
Island,554,183,5602,838
Island,554,140,5258,978
Island,554,36,5997,844
Island,554,16,5254,922
Island,554,13,6442,2449
Island,554,9,4841,2105
Island,554,1,4840,2104
Island,555,213,6437,2436
Island,555,1,5405,865
Island,556,74,5226,1052
Island,556,49,5156,976
Island,556,7,5373,869
Island,557,13,5557,842
Island,558,21,4843,2206
Island,560,7,5176,995
Island,560,4,4815,2233
Island,560,3,5121,965
Island,561,37,6553,2731
Island,562,135,6589,2558
Island,562,7,6210,2752
Island,562,4,5229,936
Island,562,1,6614,2557
Island,562,1,5105,972
Island,563,50,5097,967
Island,563,13,6563,2522
Island,563,3,6570,2514
Island,563,1,6567,2521
Island,564,10,6610,2627
Island,564,1,6152,2443
Island,565,79,5199,1071
Island,565,52,6148,2441
Island,566,8,5135,1031
Island,566,6,5136,1039
Island,566,1,5135,1038
Island,566,1,5177,956
Island,567,33,5124,1001
Island,567,2,5100,953
Island,568,28,5116,984
Island,568,4,5090,933
Island,568,2,5094,934
Island,569,110,5176,1059
Island,571,11,5488,819
Island,571,5,5495,822
Island,573,106,4802,2262
Island,573,1,5098,1016
Island,573,1,5224,818
Island,575,45,5188,865
Island,575,1,5186,864
Island,575,1,5177,860
Island,577,15,5241,854
Island,577,1,5247,859
Island,579,65,5216,792
Island,579,1,5940,843
Island,580,40,5315,819
Island,582,249,4634,1838
Island,583,16,5273,802
Island,583,3,5283,806
Island,585,1,5751,2138
Island,589,16,6473,2479
Island,589,1,6492,2788
Island,590,57,6468,2467
Island,590,2,5583,804
Island,591,33,6521,2788
Island,591,20,6553,2729
Island,592,9,6571,2724
Island,592,2,6505,2791
Island,597,8,5208,2392
Island,600,1,3159,3113
Island,601,1,4908,2313
Island,602,10,6598,2578
Island,603,38,4940,2279
Island,605,18,6132,900
Island,610,7,5603,801
Island,610,1,5178,2426
Island,611,144,5599,793
Island,612,354,5580,768
Island,613,83,4866,2334
Island,613,6,5119,2462
Island,614,51,4837,2337
Island,619,1,5060,2333
Island,624,177,6197,827
Island,625,9,5812,802
Island,627,33,5138,2515
Island,629,225,5194,2534
Island,630,6,4968,2203
Island,643,60,5001,2304
Island,648,29,5151,2542
Island,652,9,5101,2514
Island,653,216,5085,2510
Island,656,7,4946,2404
Island,658,40,5592,759
Island,658,12,5576,761
Island,658,3,5609,758
Island,663,1,3150,3164
Island,681,1,5151,2668
Island,697,124,5340,2020
Island,699,9,5800,830
Island,700,155,5758,817
Island,700,141,5795,824
Island,700,47,5785,826
Island,701,51,5726,812
Island,703,127,5237,2090
Island,713,1,5836,790
Island,723,1,3143,3203
Island,754,1,5597,785
Island,761,1,5263,2067
Island,774,1,5088,2088
Island,777,153,5251,2190
Island,779,7,5086,2118
Island,785,29,5325,2243
Island,787,89,5122,2151
Island,788,5,5268,2236
Island,789,1,5137,2151
Island,790,25,5229,2215
Island,790,8,5248,2228
Island,791,115,5245,2225
Island,813,278,5109,2228
Island,878,1,3132,3266
Island,945,76,5356,879
Island,1736,84,3519,1923
ResinTrap,22,7,6683,2746
ResinTrap,22,7,6382,2424
ResinTrap,24,23,5017,2760
ResinTrap,24,23,4286,2493
ResinTrap,24,23,6130,2544
ResinTrap,24,22,5327,765
ResinTrap,24,21,6080,2112
ResinTrap,31,13,5184,1107
ResinTrap,31,13,5874,2057
ResinTrap,31,13,4176,2849
ResinTrap,31,13,6417,561
ResinTrap,31,13,4213,2073
ResinTrap,31,13,5007,1703
ResinTrap,31,13,5826,2866
ResinTrap,31,13,4542,1739
ResinTrap,31,13,5904,2650
ResinTrap,31,7,4079,1985
ResinTrap,31,7,6083,432
ResinTrap,31,7,6222,2351
ResinTrap,31,7,6181,642
ResinTrap,31,7,6166,2984
ResinTrap,31,7,4561,2367
ResinTrap,31,7,4494,2550
ResinTrap,31,7,6419,2836
ResinTrap,31,7,5123,2985
ResinTrap,31,7,5096,2602
ResinTrap,31,7,6392,2453
ResinTrap,31,7,5037,1054
ResinTrap,31,7,5763,3020
ResinTrap,31,7,4249,2087
ResinTrap,31,7,5377,2879
ResinTrap,31,7,6289,2623
ResinTrap,31,7,4877,2523
ResinTrap,31,7,5157,724
ResinTrap,31,7,4415,2768
ResinTrap,31,7,4081,3028
ResinTrap,31,7,6120,2520
ResinTrap,31,7,4970,1237
ResinTrap,31,7,5007,2736
ResinTrap,31,7,5279,2669
ResinTrap,31,7,4102,3036
ResinTrap,31,7,5973,2922
ResinTrap,31,7,4245,2666
ResinTrap,31,7,4347,2297
ResinTrap,31,7,4259,3084
ResinTrap,31,7,6508,2702
ResinTrap,31,7,4909,3115
ResinTrap,31,7,4312,2938
ResinTrap,31,7,5740,1969
ResinTrap,31,7,6236,2769
ResinTrap,31,7,6637,2916
ResinTrap,31,7,6138,2559
ResinTrap,31,7,5068,858
ResinTrap,31,7,5225,2816
ResinTrap,31,7,4976,2932
ResinTrap,31,7,4035,3219
ResinTrap,31,7,4824,2669
ResinTrap,32,7,5422,1026
ResinTrap,32,7,5030,1057
ResinTrap,32,7,6208,2384
ResinTrap,32,7,6184,649
ResinTrap,32,7,6358,2439
ResinTrap,32,7,5167,690
ResinTrap,32,7,5368,1176
ResinTrap,32,7,4728,2463
ResinTrap,32,7,5320,748
ResinTrap,32,7,5909,2068
ResinTrap,32,7,5346,758
ResinTrap,32,7,5489,843
ResinTrap,32,7,4375,2302
ResinTrap,32,7,4277,2472
ResinTrap,32,7,6140,2563
ResinTrap,32,7,4857,2684
ResinTrap,32,7,5375,2875
ResinTrap,32,7,5837,2834
ResinTrap,32,7,4460,2539
ResinTrap,32,7,6671,2726
ResinTrap,32,7,6103,2103
ResinTrap,32,7,5933,761
ResinTrap,32,7,5872,2639
ResinTrap,32,7,5988,2888
ResinTrap,32,7,6123,2527
ResinTrap,32,7,5588,2950
ResinTrap,32,7,5643,2799
ResinTrap,32,7,4962,2965
ResinTrap,32,7,3949,2804
ResinTrap,32,7,4231,2699
ResinTrap,32,7,4039,3217
ResinTrap,43,40,4136,2842
ResinTrap,44,7,6043,2725
ResinTrap,44,7,5164,712
ResinTrap,44,7,4359,2928
ResinTrap,44,7,5448,2733
ResinTrap,44,7,6397,735
ResinTrap,44,7,6575,2477
ResinTrap,44,7,6336,2613
ResinTrap,44,7,4324,2945
ResinTrap,44,7,4405,2722
ResinTrap,44,7,5955,765
ResinTrap,44,7,6301,2630
ResinTrap,44,7,6625,2909
ResinTrap,44,7,6545,2482
ResinTrap,44,7,4422,2756
ResinTrap,44,7,4492,2563
ResinTrap,44,7,5509,855
ResinTrap,44,7,6591,2925
ResinTrap,44,7,5894,2643
ResinTrap,44,7,5590,632
ResinTrap,44,7,4467,2583
ResinTrap,44,7,6266,2806
ResinTrap,44,7,4907,3128
ResinTrap,44,7,5611,2775
ResinTrap,44,7,5400,1200
ResinTrap,44,7,5904,2663
ResinTrap,44,7,5738,1982
ResinTrap,44,7,5179,2825
ResinTrap,44,7,5240,947
ResinTrap,44,7,4967,1701
ResinTrap,44,7,4199,2675
ResinTrap,44,7,5877,2044
ResinTrap,44,7,5834,2856
ResinTrap,44,7,4555,1742
ResinTrap,44,7,6494,2700
ResinTrap,44,7,4256,2075
ResinTrap,44,7,5813,2866
ResinTrap,44,7,5620,2796
ResinTrap,44,7,5046,3190
ResinTrap,44,7,4036,2633
ResinTrap,44,7,4848,2676
ResinTrap,44,7,4402,2116
ResinTrap,44,7,4535,1751
ResinTrap,44,7,6210,2344
ResinTrap,44,7,5177,1119
ResinTrap,44,7,5190,1782
ResinTrap,44,7,3990,2806
ResinTrap,44,7,6432,2839
ResinTrap,45,7,4947,2965
ResinTrap,45,7,5588,2964
ResinTrap,45,7,4425,2748
ResinTrap,45,7,5586,2970
ResinTrap,45,7,6193,2384
ResinTrap,45,7,5190,2847
ResinTrap,45,7,5871,2681
ResinTrap,45,7,5643,2758
ResinTrap,45,7,5637,2756
ResinTrap,45,7,4956,2922
ResinTrap,45,7,6776,2983
ResinTrap,45,7,4547,2359
ResinTrap,45,7,5796,2833
ResinTrap,45,7,5215,1142
ResinTrap,45,7,5970,2483
ResinTrap,45,7,5567,670
ResinTrap,45,7,3952,2783
ResinTrap,45,7,5382,1177
ResinTrap,45,7,4225,2656
ResinTrap,45,7,4724,3064
ResinTrap,45,7,4116,1835
ResinTrap,45,7,6583,2505
ResinTrap,45,7,4174,2870
ResinTrap,45,7,4722,3070
ResinTrap,45,7,5373,1220
ResinTrap,45,7,3950,2789
ResinTrap,45,7,4216,2699
ResinTrap,45,7,4218,2052
ResinTrap,45,7,6385,714
ResinTrap,45,7,6552,2515
ResinTrap,45,7,5425,1005
ResinTrap,45,7,4440,2139
ResinTrap,45,7,4814,2689
ResinTrap,45,7,4897,2533
ResinTrap,45,7,4275,3088
ResinTrap,45,7,6002,2889
ResinTrap,45,7,5854,2233
ResinTrap,45,7,4857,2698
ResinTrap,45,7,5423,1011
ResinTrap,45,7,5005,1724
ResinTrap,45,7,6324,2592
ResinTrap,45,7,4251,3098
ResinTrap,45,7,6228,2783
ResinTrap,45,7,5993,2932
ResinTrap,45,7,5178,1761
ResinTrap,45,7,5719,2605
ResinTrap,45,7,6202,2341
ResinTrap,45,7,4266,3131
ResinTrap,45,7,4347,2907
ResinTrap,45,7,4125,1792
ResinTrap,45,7,4382,2739
ResinTrap,45,7,6243,2816
ResinTrap,46,10,5822,2823
ResinTrap,46,7,4145,2881
ResinTrap,46,7,6815,663
ResinTrap,46,7,6438,2840
ResinTrap,46,7,4180,1652
ResinTrap,46,7,5137,721
ResinTrap,46,7,6786,675
ResinTrap,46,7,6423,2882
ResinTrap,46,7,4561,1743
ResinTrap,46,7,5147,1772
ResinTrap,46,7,6354,725
ResinTrap,46,7,4476,2540
ResinTrap,46,7,5153,679
ResinTrap,46,7,6023,2275
ResinTrap,46,7,5100,891
ResinTrap,46,7,6396,741
ResinTrap,46,7,4449,2553
ResinTrap,46,7,4582,2188
ResinTrap,46,7,4316,2919
ResinTrap,46,7,5994,2288
ResinTrap,46,7,5189,1788
ResinTrap,46,7,5471,2719
ResinTrap,46,7,4491,2569
ResinTrap,46,7,4596,2217
ResinTrap,46,7,5922,775
ResinTrap,46,7,4411,2723
ResinTrap,46,7,4358,2934
ResinTrap,46,7,5357,1826
ResinTrap,46,7,5268,928
ResinTrap,46,7,6335,2619
ResinTrap,46,7,5106,2584
ResinTrap,46,7,6036,2304
ResinTrap,46,7,5692,2616
ResinTrap,46,7,5076,2599
ResinTrap,46,7,5283,956
ResinTrap,46,7,5695,1973
ResinTrap,46,7,4395,2765
ResinTrap,46,7,5861,2654
ResinTrap,46,7,4046,2590
ResinTrap,46,7,5203,1111
ResinTrap,46,7,5878,2038
ResinTrap,46,7,6592,2919
ResinTrap,46,7,6564,779
ResinTrap,46,7,6007,2317
ResinTrap,46,7,5903,2669
ResinTrap,46,7,5654,2784
ResinTrap,46,7,5187,1153
ResinTrap,46,7,4017,2603
ResinTrap,46,7,4242,2684
ResinTrap,46,7,6219,2369
ResinTrap,46,7,5207,2806
ResinTrap,46,7,5357,1191
ResinTrap,46,7,6503,2657
ResinTrap,46,7,4881,2503
ResinTrap,46,7,5920,2053
ResinTrap,46,7,5518,812
ResinTrap,46,7,5540,1256
ResinTrap,46,7,6634,2934
ResinTrap,46,7,5222,2834
ResinTrap,46,7,6488,2699
ResinTrap,46,7,5503,854
ResinTrap,46,7,5553,1286
ResinTrap,46,7,4230,2084
ResinTrap,46,7,4864,3119
ResinTrap,46,7,4059,2619
ResinTrap,46,7,6073,2707
ResinTrap,46,7,4923,2519
ResinTrap,46,7,4030,2632
ResinTrap,46,7,5047,3184
ResinTrap,46,7,5807,2865
ResinTrap,46,7,6086,2734
ResinTrap,46,7,4211,3271
ResinTrap,46,7,6293,2604
ResinTrap,46,7,6057,2749
ResinTrap,123,7,6285,696
ResinTrap,123,7,6105,2333
ResinTrap,123,7,5548,743
ResinTrap,123,7,5723,2814
ResinTrap,123,7,5473,923
ResinTrap,123,7,5288,1161
ResinTrap,123,7,4316,2402
ResinTrap,123,7,5108,790
ResinTrap,123,7,6703,2964
ResinTrap,123,7,4247,2889
ResinTrap,123,7,5172,911
ResinTrap,123,7,4681,2535
ResinTrap,123,7,6271,3014
ResinTrap,123,7,4560,2598
ResinTrap,123,7,6052,2206
ResinTrap,123,7,5078,1743
ResinTrap,123,7,4131,2639
ResinTrap,123,7,4125,2953
ResinTrap,123,7,5839,3064
ResinTrap,123,7,5111,2789
ResinTrap,123,7,5047,2668
ResinTrap,123,7,6091,2939
ResinTrap,158,12,4137,2843
ResinTrap,226,7,6127,1241
ResinTrap,233,13,5874,2057
ResinTrap,233,13,5068,858
ResinTrap,233,13,5184,1107
ResinTrap,233,7,5335,780
ResinTrap,233,7,6181,642
ResinTrap,233,7,5037,1054
ResinTrap,233,7,4259,3084
ResinTrap,233,7,4525,2353
ResinTrap,233,7,5303,778
ResinTrap,233,7,5157,724
ResinTrap,233,7,5340,791
ResinTrap,233,7,4561,2367
ResinTrap,233,7,4245,3121
ResinTrap,233,7,6236,2769
ResinTrap,233,7,5973,2922
ResinTrap,233,7,4909,3115
ResinTrap,233,7,4494,2550
ResinTrap,233,7,6637,2916
ResinTrap,233,7,6419,2836
ResinTrap,234,7,5643,2799
ResinTrap,234,7,5933,761
ResinTrap,234,7,5837,2834
ResinTrap,234,7,5909,2068
ResinTrap,234,7,5030,1057
ResinTrap,234,7,6018,618
ResinTrap,234,7,5310,775
ResinTrap,234,7,5988,2888
ResinTrap,234,7,5826,2866
ResinTrap,234,7,4460,2539
ResinTrap,239,7,6264,1250
ResinTrap,242,33,4539,2400
ResinTrap,243,18,5831,2209
ResinTrap,246,26,4924,2512
ResinTrap,246,7,5164,712
ResinTrap,246,7,5955,765
ResinTrap,246,7,5738,1982
ResinTrap,246,7,6174,654
ResinTrap,246,7,4631,2625
ResinTrap,246,7,5066,901
ResinTrap,246,7,5877,2044
ResinTrap,246,7,6625,2909
ResinTrap,246,7,5509,855
ResinTrap,246,7,5177,1119
ResinTrap,246,7,5274,931
ResinTrap,246,7,4701,2432
ResinTrap,246,7,4717,2467
ResinTrap,246,7,6591,2925
ResinTrap,246,7,4482,2543
ResinTrap,246,7,5813,2866
ResinTrap,246,7,5240,947
ResinTrap,246,7,4907,3128
ResinTrap,246,7,5886,2065
ResinTrap,246,7,6432,2839
ResinTrap,247,7,5637,2756
ResinTrap,247,7,6228,2783
ResinTrap,247,7,5215,1142
ResinTrap,247,7,5553,1924
ResinTrap,247,7,5643,2758
ResinTrap,247,7,4547,2359
ResinTrap,247,7,6243,2816
ResinTrap,247,7,5796,2833
ResinTrap,247,7,6002,2889
ResinTrap,247,7,4515,2374
ResinTrap,247,7,4251,3098
ResinTrap,247,7,5993,2932
ResinTrap,247,7,4266,3131
ResinTrap,247,7,4525,2398
ResinTrap,248,23,5106,2584
ResinTrap,248,17,4881,2500
ResinTrap,248,12,4556,2387
ResinTrap,248,7,6438,2840
ResinTrap,248,7,5518,812
ResinTrap,248,7,6061,2751
ResinTrap,248,7,6409,2854
ResinTrap,248,7,6199,646
ResinTrap,248,7,5737,1988
ResinTrap,248,7,5072,904
ResinTrap,248,7,5503,854
ResinTrap,248,7,4923,2519
ResinTrap,248,7,5654,2784
ResinTrap,248,7,5153,679
ResinTrap,248,7,5878,2038
ResinTrap,248,7,5100,891
ResinTrap,248,7,4476,2540
ResinTrap,248,7,6423,2882
ResinTrap,248,7,5283,956
ResinTrap,248,7,5920,2053
ResinTrap,248,7,6173,2361
ResinTrap,248,7,4491,2569
ResinTrap,248,7,5203,1111
ResinTrap,248,7,6023,2275
ResinTrap,248,7,5268,928
ResinTrap,248,7,6592,2919
ResinTrap,248,7,4711,2466
ResinTrap,248,7,5695,1973
ResinTrap,248,7,6036,2304
ResinTrap,248,7,5822,2823
ResinTrap,248,7,6634,2934
ResinTrap,248,7,4864,3119
ResinTrap,248,7,5807,2865
ResinTrap,248,7,4661,2607
ResinTrap,249,37,5063,2558
ResinTrap,250,10,5062,2554
ResinTrap,251,13,6088,2737
ResinTrap,251,7,4551,2395
ResinTrap,252,7,5583,693
ResinTrap,253,13,4877,2487
ResinTrap,253,7,5387,1184
ResinTrap,254,18,5858,2242
ResinTrap,254,13,4315,2952
ResinTrap,254,7,5581,689
ResinTrap,255,9,4944,2971
ResinTrap,255,7,5469,1025
ResinTrap,257,28,5455,986
ResinTrap,257,7,5119,2580
ResinTrap,258,30,4867,2688
ResinTrap,258,13,4146,1817
ResinTrap,258,7,5415,1002
ResinTrap,260,48,4861,2700
ResinTrap,262,7,4865,2696
ResinTrap,262,7,4867,2679
ResinTrap,263,12,5074,2612
ResinTrap,263,7,5063,2569
ResinTrap,264,30,5065,2590
ResinTrap,264,13,5386,1196
ResinTrap,264,7,5900,780
ResinTrap,265,21,5959,2470
ResinTrap,265,17,5069,2594
ResinTrap,266,29,4419,2104
ResinTrap,266,20,5595,1243
ResinTrap,266,14,5868,2697
ResinTrap,267,26,5682,2631
ResinTrap,269,17,4530,1787
ResinTrap,269,7,5071,2605
ResinTrap,270,47,5910,818
ResinTrap,271,13,5481,1013
ResinTrap,272,38,5485,1005
ResinTrap,274,49,4639,2176
ResinTrap,274,19,5940,820
ResinTrap,275,26,6064,2708
ResinTrap,275,13,4982,1762
ResinTrap,275,7,6584,850
ResinTrap,275,7,4828,2719
ResinTrap,275,7,5943,824
ResinTrap,275,7,6301,2659
ResinTrap,276,54,4405,2730
ResinTrap,276,36,4238,2056
ResinTrap,276,29,5258,2644
ResinTrap,276,27,4531,1781
ResinTrap,276,14,5369,1884
ResinTrap,276,12,6064,2716
ResinTrap,277,17,4227,2703
ResinTrap,277,13,5688,2615
ResinTrap,277,7,4645,2179
ResinTrap,277,7,5478,968
ResinTrap,277,7,5500,1000
ResinTrap,278,43,4313,2901
ResinTrap,278,42,5686,2610
ResinTrap,278,42,5667,2598
ResinTrap,278,38,6055,2696
ResinTrap,279,12,5928,2461
ResinTrap,279,7,5933,2460
ResinTrap,280,42,5867,2657
ResinTrap,280,13,4630,2180
ResinTrap,281,69,5912,2476
ResinTrap,281,32,5444,1018
ResinTrap,281,7,5366,1896
ResinTrap,282,57,4247,2038
ResinTrap,282,42,5242,2667
ResinTrap,282,37,3979,2815
ResinTrap,282,7,5242,2669
ResinTrap,283,34,5943,806
ResinTrap,283,20,5969,2450
ResinTrap,283,10,5909,2480
ResinTrap,283,7,4220,2702
ResinTrap,284,41,4184,2690
ResinTrap,284,36,5646,2569
ResinTrap,284,7,5942,815
ResinTrap,284,7,4825,2711
ResinTrap,285,7,4414,2733
ResinTrap,286,43,5300,2607
ResinTrap,286,27,5862,2671
ResinTrap,286,19,5266,2686
ResinTrap,286,7,5994,800
ResinTrap,286,7,5020,2569
ResinTrap,287,42,5987,2475
ResinTrap,287,31,4208,2688
ResinTrap,287,27,5306,2659
ResinTrap,287,20,5868,2690
ResinTrap,287,15,5991,2478
ResinTrap,287,13,5869,2687
ResinTrap,288,25,5673,2605
ResinTrap,288,7,6044,2692
ResinTrap,288,7,5864,2667
ResinTrap,289,21,5242,2632
ResinTrap,289,17,5369,2366
ResinTrap,289,7,5653,2606
ResinTrap,290,49,5886,2653
ResinTrap,290,39,4288,2033
ResinTrap,290,38,5955,800
ResinTrap,290,7,6557,856
ResinTrap,291,42,5701,2578
ResinTrap,291,20,6002,2480
ResinTrap,291,16,5303,2595
ResinTrap,291,7,5864,2678
ResinTrap,292,44,4214,2054
ResinTrap,292,10,5458,1022
ResinTrap,292,7,5726,2560
ResinTrap,292,7,4294,2030
ResinTrap,292,7,4296,2027
ResinTrap,293,45,4812,2702
ResinTrap,293,31,4278,2066
ResinTrap,293,31,4979,2921
ResinTrap,293,22,4284,2037
ResinTrap,293,7,5865,2682
ResinTrap,293,7,5938,2460
ResinTrap,294,31,5690,2568
ResinTrap,294,23,4219,2056
ResinTrap,294,10,5034,2603
ResinTrap,294,7,5699,1994
ResinTrap,294,7,5046,2641
ResinTrap,294,7,6063,2669
ResinTrap,295,39,5721,2567
ResinTrap,295,32,5431,1023
ResinTrap,296,7,5937,1224
ResinTrap,297,18,5809,2220
ResinTrap,297,17,5878,2655
ResinTrap,298,65,4793,2701
ResinTrap,298,38,6549,2498
ResinTrap,298,33,6527,829
ResinTrap,298,10,5689,2562
ResinTrap,298,10,5688,2558
ResinTrap,298,7,5202,2615
ResinTrap,299,44,5900,2665
ResinTrap,299,38,5275,2613
ResinTrap,299,13,5204,2192
ResinTrap,299,10,4211,2679
ResinTrap,300,52,5480,2706
ResinTrap,300,31,5443,995
ResinTrap,300,22,5847,2245
ResinTrap,300,13,4395,2741
ResinTrap,300,12,4435,2108
ResinTrap,300,12,5652,2575
ResinTrap,300,7,4176,2684
ResinTrap,301,61,5299,2680
ResinTrap,301,42,4170,2675
ResinTrap,301,28,5086,2538
ResinTrap,301,20,4979,2908
ResinTrap,301,7,6524,842
ResinTrap,302,59,4816,2671
ResinTrap,302,56,5899,2684
ResinTrap,303,58,4940,2945
ResinTrap,303,50,4920,2940
ResinTrap,303,26,5199,2832
ResinTrap,303,17,6346,778
ResinTrap,303,17,6350,777
ResinTrap,303,7,5709,2574
ResinTrap,303,7,6524,841
ResinTrap,303,7,4921,2942
ResinTrap,304,42,4838,2671
ResinTrap,304,17,4251,2688
ResinTrap,304,7,5328,2610
ResinTrap,304,7,5272,2652
ResinTrap,305,42,4268,2067
ResinTrap,305,35,5701,2592
ResinTrap,305,20,4234,2083
ResinTrap,305,18,5486,2699
ResinTrap,305,18,5904,2691
ResinTrap,305,7,5965,785
ResinTrap,305,7,5448,988
ResinTrap,306,7,6513,2489
ResinTrap,306,7,5963,793
ResinTrap,306,7,5713,2572
ResinTrap,307,69,4202,2030
ResinTrap,307,53,5242,2835
ResinTrap,307,13,5313,2387
ResinTrap,307,7,5894,2639
ResinTrap,307,7,4929,2942
ResinTrap,307,7,5877,820
ResinTrap,308,43,5299,2647
ResinTrap,308,7,6085,2723
ResinTrap,309,20,5219,2634
ResinTrap,309,7,5929,801
ResinTrap,309,7,5208,2819
ResinTrap,310,44,4676,2199
ResinTrap,310,13,4274,2028
ResinTrap,310,13,4844,2666
ResinTrap,310,10,5902,2676
ResinTrap,310,7,4931,2943
ResinTrap,310,7,5272,2604
ResinTrap,310,7,5283,2684
ResinTrap,310,7,4445,2112
ResinTrap,310,7,5270,2601
ResinTrap,310,7,6082,2721
ResinTrap,311,20,4261,2063
ResinTrap,311,7,4306,2936
ResinTrap,312,56,5283,2684
ResinTrap,312,43,4344,2928
ResinTrap,312,27,6310,2570
ResinTrap,312,20,5422,1035
ResinTrap,312,12,4290,2873
ResinTrap,312,7,4160,2673
ResinTrap,313,7,4317,2909
ResinTrap,313,7,4431,2747
ResinTrap,314,38,4230,2662
ResinTrap,314,23,5087,2600
ResinTrap,314,7,4279,2028
ResinTrap,314,7,5279,2689
ResinTrap,314,7,5489,2716
ResinTrap,315,25,4928,2456
ResinTrap,315,17,4205,2037
ResinTrap,315,7,3999,2843
ResinTrap,315,7,4149,2670
ResinTrap,315,7,4156,2672
ResinTrap,315,7,4286,2901
ResinTrap,315,7,5308,2694
ResinTrap,316,48,4956,2932
ResinTrap,316,47,6517,2496
ResinTrap,316,19,5342,1884
ResinTrap,316,10,3990,2744
ResinTrap,317,48,5124,2539
ResinTrap,317,13,5932,2427
ResinTrap,317,7,4152,2671
ResinTrap,318,10,4906,2490
ResinTrap,318,7,5843,2238
ResinTrap,318,7,5033,2936
ResinTrap,319,31,4967,2930
ResinTrap,319,18,4677,2209
ResinTrap,319,9,4926,2908
ResinTrap,319,7,5713,2002
ResinTrap,319,7,4923,2641
ResinTrap,320,62,4848,2692
ResinTrap,320,7,5978,815
ResinTrap,320,7,4964,2931
ResinTrap,321,23,5943,2493
ResinTrap,322,7,4973,2927
ResinTrap,323,30,5921,2664
ResinTrap,323,7,4207,2016
ResinTrap,324,18,5740,2576
ResinTrap,324,10,5707,2635
ResinTrap,325,10,5831,2681
ResinTrap,325,7,5169,920
ResinTrap,325,7,5172,911
ResinTrap,325,7,5313,2556
ResinTrap,326,32,5095,2506
ResinTrap,326,30,5289,2650
ResinTrap,326,27,4027,2629
ResinTrap,326,25,4980,1755
ResinTrap,326,7,5094,2513
ResinTrap,326,7,5285,2651
ResinTrap,326,7,4218,2673
ResinTrap,327,41,6053,1141
ResinTrap,327,23,5842,2230
ResinTrap,327,12,6022,1153
ResinTrap,327,7,4563,1804
ResinTrap,327,7,4225,2669
ResinTrap,328,27,4320,2855
ResinTrap,328,10,4185,2023
ResinTrap,328,7,4220,2672
ResinTrap,329,27,3984,2779
ResinTrap,329,22,5284,2274
ResinTrap,329,7,4223,2670
ResinTrap,330,88,6335,2577
ResinTrap,330,20,4299,2046
ResinTrap,331,7,6134,1148
ResinTrap,331,7,5975,2508
ResinTrap,331,7,5464,2644
ResinTrap,332,9,4338,2920
ResinTrap,332,7,6087,2683
ResinTrap,333,18,4166,2658
ResinTrap,333,7,5974,2504
ResinTrap,334,13,5268,2618
ResinTrap,334,7,4845,2680
ResinTrap,335,17,4846,2682
ResinTrap,335,7,5612,2528
ResinTrap,335,7,5163,2509
ResinTrap,336,18,5030,2902
ResinTrap,336,7,5032,2901
ResinTrap,336,7,4810,2681
ResinTrap,336,7,4707,2155
ResinTrap,337,25,5203,2189
ResinTrap,337,10,6543,2522
ResinTrap,337,7,5243,2846
ResinTrap,338,7,4445,2717
ResinTrap,338,7,4809,2683
ResinTrap,339,7,4712,2153
ResinTrap,339,7,4768,2723
ResinTrap,340,7,6347,1091
ResinTrap,340,7,4447,2716
ResinTrap,340,7,5349,1875
ResinTrap,342,79,4901,2445
ResinTrap,342,73,5236,2849
ResinTrap,342,17,6305,2613
ResinTrap,342,14,5334,2254
ResinTrap,342,7,5892,818
ResinTrap,344,7,5348,1878
ResinTrap,344,7,5975,1125
ResinTrap,345,38,5318,2627
ResinTrap,345,29,6267,2555
ResinTrap,345,7,5425,983
ResinTrap,346,18,6513,2662
ResinTrap,346,7,6369,755
ResinTrap,346,7,5977,1120
ResinTrap,347,20,5886,2700
ResinTrap,347,13,4194,2659
ResinTrap,347,7,5116,2483
ResinTrap,347,7,6365,754
ResinTrap,348,7,5838,2268
ResinTrap,349,73,5116,2477
ResinTrap,349,28,6517,2669
ResinTrap,349,18,5403,1015
ResinTrap,349,17,5944,1117
ResinTrap,349,17,6516,2666
ResinTrap,349,10,5421,981
ResinTrap,350,7,4323,2913
ResinTrap,350,7,4305,2919
ResinTrap,351,7,5908,1121
ResinTrap,351,7,4156,2911
ResinTrap,351,7,5149,2123
ResinTrap,352,20,5113,2521
ResinTrap,353,13,4302,2922
ResinTrap,354,12,4195,2744
ResinTrap,355,18,4838,2704
ResinTrap,355,17,5029,2903
ResinTrap,355,15,5976,1157
ResinTrap,355,7,4157,2915
ResinTrap,355,7,4158,2919
ResinTrap,355,7,5026,2904
ResinTrap,356,27,5723,2605
ResinTrap,356,25,5955,1157
ResinTrap,356,18,6270,2547
ResinTrap,357,36,5927,1105
ResinTrap,358,7,6018,2513
ResinTrap,358,7,5109,2482
ResinTrap,358,7,4369,2917
ResinTrap,359,7,4361,2921
ResinTrap,360,20,5355,1908
ResinTrap,360,7,5169,2773
ResinTrap,362,13,5165,2770
ResinTrap,362,7,6004,1124
ResinTrap,362,7,6363,2580
ResinTrap,363,7,6002,1122
ResinTrap,363,7,6548,2548
ResinTrap,363,7,6294,2653
ResinTrap,364,17,6497,2516
ResinTrap,365,79,4944,2898
ResinTrap,365,7,6295,2654
ResinTrap,365,7,6547,2547
ResinTrap,366,7,6543,2539
ResinTrap,367,7,6362,2578
ResinTrap,368,17,5097,2543
ResinTrap,368,7,4103,2913
ResinTrap,369,72,5461,2726
ResinTrap,369,23,5994,1117
ResinTrap,369,13,4268,2929
ResinTrap,369,7,5096,2539
ResinTrap,369,7,4267,2928
ResinTrap,370,17,6356,2539
ResinTrap,370,13,5230,2850
ResinTrap,370,7,5227,2848
ResinTrap,371,128,5161,2471
ResinTrap,371,17,4342,2857
ResinTrap,371,7,4251,2677
ResinTrap,371,7,4293,1981
ResinTrap,371,7,6545,2546
ResinTrap,372,23,5286,2681
ResinTrap,372,13,4294,1978
ResinTrap,372,7,5167,2800
ResinTrap,373,23,4295,1973
ResinTrap,373,13,4529,2093
ResinTrap,373,12,5087,2623
ResinTrap,373,7,6544,2545
ResinTrap,373,7,6022,1091
ResinTrap,374,27,4453,1799
ResinTrap,374,7,6362,2640
ResinTrap,375,79,5144,2481
ResinTrap,375,7,6538,2677
ResinTrap,376,7,6363,2639
ResinTrap,377,65,6097,1026
ResinTrap,378,30,4901,2413
ResinTrap,378,17,4921,2389
ResinTrap,379,7,4936,2895
ResinTrap,381,19,5997,1099
ResinTrap,381,18,5857,1126
ResinTrap,381,7,6537,2676
ResinTrap,381,7,6532,2674
ResinTrap,382,7,6109,1023
ResinTrap,382,7,6508,2691
ResinTrap,383,10,6117,1020
ResinTrap,383,7,4497,2079
ResinTrap,383,7,5153,1798
ResinTrap,384,13,6535,2675
ResinTrap,384,7,6130,1017
ResinTrap,384,7,5853,1124
ResinTrap,385,7,5851,1122
ResinTrap,387,7,5849,1120
ResinTrap,387,7,5342,2139
ResinTrap,388,34,5181,2497
ResinTrap,388,29,6042,1036
ResinTrap,388,9,5180,2502
ResinTrap,388,7,5474,2658
ResinTrap,389,23,5147,2484
ResinTrap,389,7,5178,2472
ResinTrap,389,7,4127,2920
ResinTrap,389,7,4123,2923
ResinTrap,390,13,5176,2470
ResinTrap,392,29,5832,1132
ResinTrap,392,7,5024,2945
ResinTrap,392,7,6355,2548
ResinTrap,393,35,6315,2626
ResinTrap,393,9,5816,1135
ResinTrap,394,7,6356,2546
ResinTrap,394,7,5813,1133
ResinTrap,396,7,5172,2505
ResinTrap,397,7,6288,2566
ResinTrap,397,7,6359,2539
ResinTrap,399,10,6033,1073
ResinTrap,401,32,4952,2876
ResinTrap,401,22,5315,2109
ResinTrap,401,7,5075,2901
ResinTrap,403,7,5178,2501
ResinTrap,403,7,5077,2902
ResinTrap,403,7,5327,2819
ResinTrap,404,7,6040,1058
ResinTrap,404,7,5930,998
ResinTrap,405,7,5323,2818
ResinTrap,406,27,6515,2682
ResinTrap,406,10,6069,1044
ResinTrap,407,13,5846,1074
ResinTrap,408,7,6066,1046
ResinTrap,410,104,6341,2591
ResinTrap,410,10,6076,1018
ResinTrap,413,7,5308,2520
ResinTrap,414,7,6074,1012
ResinTrap,414,7,5472,2742
ResinTrap,415,17,5308,2519
ResinTrap,415,9,5387,2126
ResinTrap,417,7,6072,1003
ResinTrap,418,128,6365,2608
ResinTrap,418,7,4196,2934
ResinTrap,419,13,5057,2929
ResinTrap,419,7,5969,1037
ResinTrap,420,13,5977,1042
ResinTrap,420,9,5955,1028
ResinTrap,420,7,5952,1026
ResinTrap,421,20,5476,2750
ResinTrap,422,7,6142,1064
ResinTrap,424,7,6565,2628
ResinTrap,424,7,5068,2931
ResinTrap,425,7,5142,1803
ResinTrap,425,7,5771,1206
ResinTrap,425,7,4198,2782
ResinTrap,426,30,6346,2582
ResinTrap,428,20,4439,2117
ResinTrap,428,17,5067,2930
ResinTrap,430,50,4436,2120
ResinTrap,430,15,5416,2122
ResinTrap,430,13,6077,2425
ResinTrap,433,7,4808,2188
ResinTrap,433,7,6097,2611
ResinTrap,434,13,4797,2193
ResinTrap,434,7,6072,953
ResinTrap,434,7,5742,1279
ResinTrap,435,7,6591,2508
ResinTrap,436,7,6143,1052
ResinTrap,436,7,6379,2602
ResinTrap,437,7,6125,2681
ResinTrap,438,7,6071,1038
ResinTrap,439,37,4351,2875
ResinTrap,439,33,6331,2597
ResinTrap,439,7,6515,2462
ResinTrap,440,13,4811,2189
ResinTrap,441,7,6514,2460
ResinTrap,441,7,4999,2944
ResinTrap,441,7,6403,2634
ResinTrap,442,13,5708,1124
ResinTrap,442,7,5707,1117
ResinTrap,442,7,5750,1191
ResinTrap,443,23,6513,2457
ResinTrap,443,7,6062,1023
ResinTrap,444,7,3402,2912
ResinTrap,444,7,4810,2191
ResinTrap,444,7,5072,2566
ResinTrap,444,7,5000,2945
ResinTrap,444,7,6403,2635
ResinTrap,445,10,4305,2122
ResinTrap,445,7,5738,1181
ResinTrap,446,7,4364,2870
ResinTrap,446,7,5001,2946
ResinTrap,447,7,4356,2873
ResinTrap,448,40,5710,981
ResinTrap,448,14,5508,825
ResinTrap,448,7,6403,2636
ResinTrap,449,12,5257,942
ResinTrap,449,12,5255,954
ResinTrap,449,7,5002,2947
ResinTrap,450,10,6132,965
ResinTrap,450,7,5709,978
ResinTrap,451,20,6401,2637
ResinTrap,452,7,5003,2948
ResinTrap,453,26,6410,2518
ResinTrap,453,12,5156,717
ResinTrap,453,7,5275,931
ResinTrap,454,7,5277,927
ResinTrap,455,7,5243,962
ResinTrap,456,13,6410,2517
ResinTrap,456,7,3395,2895
ResinTrap,457,27,5269,970
ResinTrap,459,7,6575,2543
ResinTrap,461,44,6411,2514
ResinTrap,461,7,6576,2632
ResinTrap,464,7,4717,2217
ResinTrap,465,7,6020,978
ResinTrap,465,7,5876,2080
ResinTrap,466,20,6581,2513
ResinTrap,467,50,6582,2512
ResinTrap,467,7,5697,1164
ResinTrap,469,10,6438,2834
ResinTrap,469,7,6170,703
ResinTrap,471,7,4443,2542
ResinTrap,472,10,5287,972
ResinTrap,473,42,4474,2544
ResinTrap,474,13,5213,960
ResinTrap,476,7,6582,2633
ResinTrap,477,44,5114,855
ResinTrap,477,13,6410,2507
ResinTrap,478,19,5390,2041
ResinTrap,478,10,5747,721
ResinTrap,478,7,6403,2505
ResinTrap,478,7,5558,810
ResinTrap,481,10,5039,2753
ResinTrap,481,9,5881,2393
ResinTrap,482,18,5122,847
ResinTrap,482,7,5124,845
ResinTrap,483,7,5261,2488
ResinTrap,484,7,5284,2907
ResinTrap,486,7,5512,974
ResinTrap,489,7,4441,2521
ResinTrap,490,12,5068,2608
ResinTrap,493,10,5032,2621
ResinTrap,496,13,5230,2862
ResinTrap,496,7,4506,2525
ResinTrap,497,9,4507,2552
ResinTrap,499,25,4886,2509
ResinTrap,500,12,5920,2343
ResinTrap,501,7,5534,1947
ResinTrap,502,10,5535,1950
ResinTrap,502,7,5950,791
ResinTrap,502,7,6289,2718
ResinTrap,503,21,4304,2925
ResinTrap,503,7,5104,843
ResinTrap,504,45,5087,872
ResinTrap,504,7,5948,792
ResinTrap,504,7,5944,793
ResinTrap,504,7,5111,844
ResinTrap,504,7,5289,1910
ResinTrap,505,10,5107,843
ResinTrap,507,7,5116,937
ResinTrap,507,7,6555,2628
ResinTrap,509,10,5086,867
ResinTrap,511,7,5112,942
ResinTrap,512,33,4451,2534
ResinTrap,512,18,5596,999
ResinTrap,513,17,4476,2508
ResinTrap,513,12,5031,1916
ResinTrap,514,22,6450,2558
ResinTrap,514,7,5197,920
ResinTrap,515,7,5460,804
ResinTrap,516,10,5456,803
ResinTrap,521,7,5105,878
ResinTrap,522,7,6110,893
ResinTrap,523,20,5101,877
ResinTrap,523,17,4654,2590
ResinTrap,523,7,4927,1954
ResinTrap,524,7,4931,1953
ResinTrap,529,19,5503,952
ResinTrap,530,12,4946,1946
ResinTrap,530,10,5527,924
ResinTrap,532,7,5349,1053
ResinTrap,532,7,6206,917
ResinTrap,533,13,6472,2728
ResinTrap,533,7,6200,916
ResinTrap,540,17,4946,1936
ResinTrap,542,25,4915,2508
ResinTrap,547,10,5459,1072
ResinTrap,547,7,5355,986
ResinTrap,548,13,6129,896
ResinTrap,550,7,5534,942
ResinTrap,551,19,6124,897
ResinTrap,553,7,5494,1983
ResinTrap,554,7,4960,1888
ResinTrap,554,7,5158,2433
ResinTrap,554,7,5155,2432
ResinTrap,555,17,5322,1122
ResinTrap,555,7,4947,1933
ResinTrap,556,7,6042,911
ResinTrap,564,17,5291,880
ResinTrap,566,7,5442,955
ResinTrap,566,7,6006,894
ResinTrap,566,7,5162,971
ResinTrap,567,13,5616,857
ResinTrap,568,7,4321,2929
ResinTrap,569,22,5280,873
ResinTrap,569,7,4321,2884
ResinTrap,569,7,6220,903
ResinTrap,570,10,6214,905
ResinTrap,570,7,5339,850
ResinTrap,571,7,5303,866
ResinTrap,572,7,5103,981
ResinTrap,573,28,5031,1912
ResinTrap,573,12,5277,858
ResinTrap,574,60,5307,854
ResinTrap,574,21,4264,2951
ResinTrap,575,18,5015,1910
ResinTrap,575,15,5311,861
ResinTrap,577,7,5266,860
ResinTrap,578,7,5268,857
ResinTrap,578,7,5977,886
ResinTrap,579,10,5260,855
ResinTrap,582,7,5275,1982
ResinTrap,583,7,6153,932
ResinTrap,584,7,5306,828
ResinTrap,585,70,5941,849
ResinTrap,588,7,5190,872
ResinTrap,588,7,5426,924
ResinTrap,594,18,5254,1007
ResinTrap,594,9,4930,1869
ResinTrap,594,7,5260,1011
ResinTrap,594,7,4936,1872
ResinTrap,600,12,5144,2669
ResinTrap,601,42,5235,2462
ResinTrap,602,7,5362,926
ResinTrap,605,7,5049,2062
ResinTrap,606,7,6089,880
ResinTrap,607,28,5263,930
ResinTrap,607,7,6068,868
ResinTrap,608,9,6072,869
ResinTrap,608,7,6080,875
ResinTrap,609,7,3366,2749
ResinTrap,610,7,4317,2812
ResinTrap,611,12,6557,2596
ResinTrap,612,12,5586,803
ResinTrap,612,7,5315,881
ResinTrap,613,20,5307,869
ResinTrap,613,17,4997,1894
ResinTrap,615,7,5178,1895
ResinTrap,618,7,5379,874
ResinTrap,619,10,5379,869
ResinTrap,619,7,5072,2733
ResinTrap,619,7,4087,2711
ResinTrap,620,25,4104,2741
ResinTrap,620,7,6080,885
ResinTrap,622,37,5342,865
ResinTrap,622,17,5355,869
ResinTrap,622,7,5385,865
ResinTrap,627,7,5505,2011
ResinTrap,628,26,5223,2878
ResinTrap,634,18,4986,2792
ResinTrap,639,19,4966,2842
ResinTrap,639,14,5052,2785
ResinTrap,640,7,6348,2520
ResinTrap,643,7,6356,2771
ResinTrap,644,10,6356,869
ResinTrap,645,18,6206,2551
ResinTrap,646,25,5362,2771
ResinTrap,646,7,4930,1867
ResinTrap,648,7,5588,777
ResinTrap,650,14,5009,1896
ResinTrap,651,17,6426,2580
ResinTrap,655,51,5351,2744
ResinTrap,656,7,6360,2574
ResinTrap,656,7,6513,2696
ResinTrap,657,10,5051,1905
ResinTrap,657,7,6504,2676
ResinTrap,658,23,5213,1974
ResinTrap,658,7,6485,2709
ResinTrap,659,20,5541,775
ResinTrap,661,12,5074,2883
ResinTrap,662,14,6379,2570
ResinTrap,662,7,5122,2863
ResinTrap,663,7,6411,2633
ResinTrap,665,9,6446,2668
ResinTrap,665,7,4969,1920
ResinTrap,665,7,6470,2681
ResinTrap,666,10,6334,2586
ResinTrap,666,9,5348,2728
ResinTrap,672,22,4942,1920
ResinTrap,672,12,4846,2301
ResinTrap,675,7,5099,2657
ResinTrap,676,7,6029,832
ResinTrap,677,10,5236,1935
ResinTrap,683,17,5256,1942
ResinTrap,688,20,6018,829
ResinTrap,688,12,5229,2744
ResinTrap,694,9,5328,2732
ResinTrap,695,9,5040,2719
ResinTrap,695,9,5184,2642
ResinTrap,698,7,5489,2010
ResinTrap,699,7,5210,2717
ResinTrap,700,12,5219,2723
ResinTrap,700,7,5628,758
ResinTrap,703,19,5123,2620
ResinTrap,704,14,4972,2593
ResinTrap,706,7,5029,2470
ResinTrap,712,7,5855,830
ResinTrap,716,12,5038,2465
ResinTrap,717,45,5971,830
ResinTrap,718,21,5116,2484
ResinTrap,718,21,5217,2671
ResinTrap,718,17,5284,2321
ResinTrap,721,9,5096,2487
ResinTrap,723,17,5297,2688
ResinTrap,725,28,5145,2488
ResinTrap,725,18,5137,2490
ResinTrap,726,7,6058,806
ResinTrap,727,7,5882,829
ResinTrap,727,7,6048,802
ResinTrap,728,10,6092,801
ResinTrap,729,224,5877,825
ResinTrap,729,7,5890,840
ResinTrap,730,10,5601,749
ResinTrap,731,17,5335,2547
ResinTrap,734,17,6014,809
ResinTrap,735,7,5985,814
ResinTrap,736,12,5008,2410
ResinTrap,738,133,5950,819
ResinTrap,738,10,5067,2603
ResinTrap,738,7,5989,809
ResinTrap,740,38,5928,821
ResinTrap,740,20,5581,783
ResinTrap,740,17,5965,816
ResinTrap,740,7,5886,797
ResinTrap,742,10,5945,823
ResinTrap,743,10,5912,822
ResinTrap,744,9,5300,2384
ResinTrap,745,27,4936,2537
ResinTrap,745,9,5891,820
ResinTrap,746,7,5903,819
ResinTrap,747,7,5253,2326
ResinTrap,749,17,5085,2576
ResinTrap,749,12,5887,818
ResinTrap,750,7,5505,773
ResinTrap,751,9,5865,822
ResinTrap,753,7,5294,2430
ResinTrap,753,7,5833,818
ResinTrap,754,7,5012,2362
ResinTrap,755,10,5818,819
ResinTrap,756,35,5588,788
ResinTrap,757,7,5264,2070
ResinTrap,759,25,5595,787
ResinTrap,760,23,4993,2320
ResinTrap,761,13,5599,786
ResinTrap,761,7,5708,805
ResinTrap,762,17,5777,809
ResinTrap,762,7,5259,2418
ResinTrap,765,9,5236,2401
ResinTrap,765,7,5183,2429
ResinTrap,766,10,5842,847
ResinTrap,774,17,5587,767
ResinTrap,774,7,5628,784
ResinTrap,778,21,5852,847
ResinTrap,793,7,5843,851
ResinTrap,804,7,5862,843
ResinTrap,806,9,5468,811
ResinTrap,816,12,5192,2159
ResinTrap,825,7,5589,803
ResinTrap,826,10,5576,805
ResinTrap,926,7,5377,862
ResinTrap,966,7,5289,867
ResinTrap,966,7,5288,863
ResinTrap,979,7,5365,869
SuctionCup,0,266875,6393,3079
SuctionCup,0,266873,3938,3072
SuctionCup,0,266872,6049,447
SuctionCup,0,266871,5429,1930
SuctionCup,0,266867,4765,2486
SuctionCup,0,266862,6564,2609
SuctionCup,0,266857,3952,2190
SuctionCup,0,266857,4344,1535
SuctionCup,0,266856,4672,1477
SuctionCup,0,266855,5308,2684
SuctionCup,0,266849,3666,867
SuctionCup,0,266846,5137,3154
SuctionCup,0,266842,5221,1032
SuctionCup,0,266840,5194,2997
SuctionCup,0,266837,5964,2568
SuctionCup,0,266837,6407,2197
SuctionCup,0,266829,4608,2074
SuctionCup,0,266829,5301,3125
SuctionCup,0,266829,5771,789
SuctionCup,0,266825,3901,1906
SuctionCup,0,266825,4722,1761
SuctionCup,0,266822,5550,975
SuctionCup,0,266822,4337,1976
SuctionCup,0,266819,4216,2730
SuctionCup,0,266819,4009,2034
SuctionCup,0,266818,6514,2325
SuctionCup,0,266817,4879,2173
SuctionCup,0,266814,3844,2063
SuctionCup,0,266813,6621,2452
SuctionCup,0,266812,3151,2828
SuctionCup,0,266812,3823,455
SuctionCup,0,266812,6698,772
SuctionCup,0,266809,4330,2417
SuctionCup,0,266809,5900,3166
SuctionCup,0,266807,5828,632
SuctionCup,0,266801,3502,838
SuctionCup,0,266800,5499,690
SuctionCup,0,266799,5757,1872
SuctionCup,0,266799,5415,2812
SuctionCup,0,266797,4537,3113
SuctionCup,0,266795,4872,2614
SuctionCup,0,266794,5693,2469
SuctionCup,0,266794,4230,1848
SuctionCup,0,266793,4986,2301
SuctionCup,0,266792,6213,418
SuctionCup,0,266792,5171,748
SuctionCup,0,266790,4822,2330
SuctionCup,0,266790,3716,582
SuctionCup,0,266782,4809,3212
SuctionCup,0,266782,3395,965
SuctionCup,0,266781,5000,1218
SuctionCup,0,266780,5157,1831
SuctionCup,0,266779,4551,2231
SuctionCup,0,266778,6648,488
SuctionCup,0,266778,4280,2132
SuctionCup,0,266775,6243,2226
SuctionCup,0,266773,3473,2445
SuctionCup,0,266768,5885,476
SuctionCup,0,266765,6370,830
SuctionCup,0,266764,3623,1592
SuctionCup,0,266763,5114,905
SuctionCup,0,266763,6427,673
SuctionCup,0,266763,5486,1773
SuctionCup,0,266763,4273,2573
SuctionCup,0,266762,6299,2069
SuctionCup,0,266762,6484,517
SuctionCup,0,266762,5465,3096
SuctionCup,0,266761,4715,2202
SuctionCup,0,266761,4786,963
SuctionCup,0,266760,4558,1790
SuctionCup,0,266760,5358,2968
SuctionCup,0,266757,4893,1090
SuctionCup,0,266757,6099,731
SuctionCup,0,266753,4701,3084
SuctionCup,0,266753,5907,2725
SuctionCup,0,266753,3101,3112
SuctionCup,0,266752,4373,3142
SuctionCup,0,266750,4159,2886
SuctionCup,0,266750,3895,2347
SuctionCup,0,266750,3673,1307
SuctionCup,0,266748,5436,1288
SuctionCup,0,266747,3958,1749
SuctionCup,0,266747,3422,2729
SuctionCup,0,266745,5957,3009
SuctionCup,0,266744,4501,1947
SuctionCup,0,266743,3345,1250
SuctionCup,0,266743,4487,2829
SuctionCup,0,266743,3265,3141
SuctionCup,0,266741,5164,1189
SuctionCup,0,266740,5629,3067
SuctionCup,0,266739,5094,2429
SuctionCup,0,266737,5850,2881
SuctionCup,0,266735,3094,2671
SuctionCup,0,266735,6450,2922
SuctionCup,0,266734,4615,1634
SuctionCup,0,266733,5365,2527
SuctionCup,0,266722,5214,1674
SuctionCup,0,266722,4843,806
SuctionCup,0,266720,5700,2028
SuctionCup,0,266720,3552,553
SuctionCup,0,266720,4886,1732
SuctionCup,0,266717,6185,2383
SuctionCup,0,266717,4758,2927
SuctionCup,0,266712,3315,2857
SuctionCup,0,266711,6021,2411
SuctionCup,0,266710,5228,592
SuctionCup,0,266708,6028,1971
SuctionCup,0,266707,5529,2498
SuctionCup,0,266703,3573,1876
SuctionCup,0,266702,3723,1023
SuctionCup,0,266702,5492,1131
SuctionCup,0,266700,4815,2771
SuctionCup,0,266698,4993,1860
SuctionCup,0,266698,6507,2766
SuctionCup,0,266698,5607,818
SuctionCup,0,266690,3523,2160
SuctionCup,0,266682,4066,1877
SuctionCup,0,266672,4015,1593
SuctionCup,0,266671,4209,3171
SuctionCup,0,266657,5650,1744
SuctionCup,0,266585,5971,2127
SuctionCup,0,266540,4102,3043
SuctionCup,0,266527,5087,2869
SuctionCup,0,266502,4387,2260
SuctionCup,0,266456,5030,3026
SuctionCup,0,266356,6591,644
SuctionCup,0,266351,5636,2626
SuctionCup,0,266232,4223,2289
SuctionCup,0,266222,4544,2672
SuctionCup,0,266215,3995,2915
SuctionCup,0,266202,4943,1576
SuctionCup,0,266192,6320,546
SuctionCup,0,266189,5057,1061
SuctionCup,0,266010,5793,3038
SuctionCup,0,265992,6078,2255
SuctionCup,0,265962,3659,426
SuctionCup,0,265962,6179,2823
SuctionCup,0,265934,6236,2667
SuctionCup,0,265820,4002,2475
SuctionCup,0,265725,3945,2631
SuctionCup,0,265644,4594,2956
SuctionCup,0,265197,4444,2103
SuctionCup,0,265163,4929,2457
SuctionCup,0,264904,3616,1151
SuctionCup,0,264900,5600,1259
SuctionCup,0,263967,4736,678
SuctionCup,0,263926,5107,1547
SuctionCup,0,263916,3201,2543
SuctionCup,0,263774,6135,2098
SuctionCup,0,263652,5251,2841
SuctionCup,0,263511,4950,934
SuctionCup,0,262537,5043,2144
SuctionCup,0,261912,5472,2655
SuctionCup,0,259964,4651,2800
SuctionCup,0,259384,5593,1901
SuctionCup,0,259208,3245,1818
SuctionCup,0,259157,3144,2387
SuctionCup,0,259048,5279,876
SuctionCup,0,258867,4708,2643
SuctionCup,0,257449,5992,604
SuctionCup,0,257037,6534,801
SuctionCup,0,256561,4508,1506
SuctionCup,0,256555,3194,2102
SuctionCup,0,256239,5556,534
SuctionCup,0,256232,4900,649
SuctionCup,0,256163,3308,2418
SuctionCup,0,256045,6016,2852
SuctionCup,0,255948,6128,2539
SuctionCup,0,255517,6671,2737
SuctionCup,0,255452,4601,2515
SuctionCup,0,255323,5442,847
SuctionCup,0,255118,4123,1720
SuctionCup,0,253219,5050,1703
SuctionCup,0,253097,6229,3108
SuctionCup,0,252962,4287,1691
SuctionCup,0,252747,5645,2185
SuctionCup,0,252579,4451,1663
SuctionCup,0,252433,4166,2446
SuctionCup,0,252217,4059,2318
SuctionCup,0,251200,4266,3014
SuctionCup,0,250228,6457,2481
SuctionCup,0,249927,4430,2985
SuctionCup,0,249659,4973,3183
SuctionCup,0,249530,6071,2696
SuctionCup,0,249192,6263,702
SuctionCup,0,248892,3259,2700
SuctionCup,0,248096,4494,2389
SuctionCup,0,246604,5935,760
SuctionCup,0,246099,5686,2910
SuctionCup,0,246095,5914,2284
SuctionCup,0,245804,3295,1534
SuctionCup,0,245162,4109,2602
SuctionCup,0,244978,5721,505
SuctionCup,0,244716,3516,1719
SuctionCup,0,244451,5338,719
SuctionCup,0,244342,5392,563
SuctionCup,0,244276,5037,2587
SuctionCup,0,242643,5144,2713
SuctionCup,0,241997,6614,2893
SuctionCup,0,241055,5579,2786
SuctionCup,0,238748,6293,2510
SuctionCup,0,238570,6122,2983
SuctionCup,0,237632,3888,2788
SuctionCup,0,233207,5007,777
SuctionCup,285,15941,4205,2026
SuctionCup,289,14527,4291,2875
SuctionCup,313,8714,6526,2490
SuctionCup,480,8443,4467,2528
