Island,167,3,3988,2492
Island,167,3,3991,2491
Island,167,3,3994,2490
Island,167,3,4085,2459
Island,167,3,4088,2458
Island,167,2,3985,2493
Island,167,2,4091,2457
Island,167,2,4094,2456
Island,167,2,4099,2454
Island,167,1,3983,2494
Island,167,1,4097,2455
Island,167,1,4102,2453
Island,167,1,4105,2452
Island,168,1,3946,2505
Island,168,1,3949,2504
Island,168,1,4136,2440
Island,169,3,3927,2510
Island,169,2,3924,2511
Island,169,2,4155,2432
Island,169,2,4158,2431
Island,169,2,4160,2430
Island,169,1,3921,2512
Island,169,1,4163,2429
Island,170,2,3902,2517
Island,170,2,4179,2422
Island,170,1,3899,2518
Island,170,1,4182,2421
Island,172,3,3866,2526
Island,172,2,4214,2407
Island,172,1,3863,2527
Island,172,1,4217,2406
Island,173,3,3850,2530
Island,173,2,4227,2401
Island,173,1,4230,2400
Island,174,2,4240,2395
Island,174,1,4243,2394
Island,175,2,4253,2389
Island,175,1,3820,2537
Island,175,1,4256,2388
Island,178,2,4286,2373
Island,178,1,4289,2372
Island,179,1,4299,2367
Island,180,2,4306,2363
Island,180,1,4309,2362
Island,181,2,4316,2358
Island,182,1,4326,2353
Island,185,2,4350,2340
Island,186,1,4360,2335
Island,187,3,3698,2560
Island,187,2,4365,2332
Island,189,1,4382,2323
Island,194,2,4414,2304
Island,196,2,4426,2297
Island,197,1,4433,2293
Island,198,1,4440,2289
Island,199,2,4444,2286
Island,203,1,4467,2272
Island,205,1,4478,2265
Island,207,1,4489,2258
Island,209,1,4498,2252
Island,210,2,4502,2249
Island,214,1,4522,2236
Island,215,1,4526,2233
Island,216,2,4530,2230
Island,219,2,4543,2221
Island,224,1,4564,2206
Island,229,2,7308,2681
Island,229,1,4585,2191
Island,230,3,7326,2685
Island,230,1,7331,2686
Island,234,1,4603,2177
Island,235,1,4607,2174
Island,236,1,4611,2171
Island,237,1,4615,2168
Island,239,1,4621,2163
Island,240,1,4625,2160
Island,244,2,7541,2715
Island,246,1,7485,2683
Island,247,1,4648,2141
Island,249,1,4654,2136
Island,250,1,4658,2133
Island,255,1,4673,2120
Island,257,1,4679,2115
Island,258,42,7245,2183
Island,258,5,7244,2209
Island,259,2,7238,2241
Island,259,2,7239,2236
Island,259,1,7619,2734
Island,259,1,7618,2733
Island,260,92,7606,2722
Island,260,3,7234,2258
Island,260,1,4688,2107
Island,262,1,4694,2102
Island,265,1,4703,2094
Island,266,1,4705,2092
Island,272,1,4721,2077
Island,276,1,4732,2067
Island,278,1,4737,2062
Island,279,1,4739,2060
Island,297,1,4782,2017
Island,299,1,4787,2012
Island,300,1,4789,2010
Island,304,1,4797,2001
Island,306,2,7734,2783
Island,306,1,4802,1996
Island,310,1,7676,2811
Island,310,1,4810,1987
Island,314,1,4818,1978
Island,318,1,7110,2124
Island,318,1,4826,1969
Island,319,1,7114,2126
Island,323,1,7126,2133
Island,324,1,7129,2135
Island,325,1,7133,2137
Island,326,1,7136,2139
Island,328,1,4845,1947
Island,333,1,4854,1936
Island,338,1,1408,3012
Island,338,1,4863,1925
Island,339,1,7111,2366
Island,339,1,7113,2365
Island,340,2,7107,2370
Island,340,1,7109,2369
Island,340,1,7112,2367
Island,340,1,4866,1921
Island,343,75,1580,2887
Island,345,16,1607,2960
Island,345,1,1602,2951
Island,354,1,4889,1891
Island,355,123,1448,3137
Island,356,1,4892,1887
Island,361,14,1294,3165
Island,365,1,7082,2437
Island,365,1,4906,1868
Island,367,1,4909,1864
Island,371,1,7726,2857
Island,371,1,7727,2856
Island,371,1,7728,2855
Island,372,35,7722,2846
Island,374,1,7713,2857
Island,382,1,7679,2855
Island,385,1,4934,1827
Island,388,1,7718,2872
Island,389,1,7690,2888
Island,389,1,7719,2867
Island,392,1,7637,2852
Island,392,1,4943,1813
Island,398,1,7612,2850
Island,399,1,7624,2887
Island,401,1,7601,2849
Island,410,1,7129,3087
Island,412,1,7142,3101
Island,416,1,4971,1766
Island,417,1,4972,1764
Island,418,1,4973,1762
Island,452,17,6899,2475
Island,454,2,6919,2504
Island,455,102,6911,2504
Island,458,27,7664,2943
Island,465,1,6847,2524
Island,466,1,6806,2520
Island,470,1,6833,2535
Island,472,1,6828,2539
Island,473,1,5023,1659
Island,474,1,6823,2543
Island,476,3,6910,2626
Island,476,1,6816,2548
Island,477,1,6912,2625
Island,478,1,6913,2624
Island,480,1,6814,2552
Island,481,1,7647,2986
Island,482,1,7651,2973
Island,482,1,6914,2622
Island,482,1,6815,2553
Island,483,1,6915,2621
Island,484,1,5031,1639
Island,485,54,7131,2966
Island,488,1,7093,2308
Island,490,1,6917,2618
Island,490,1,7092,2308
Island,492,1,6918,2617
Island,497,1,6920,2614
Island,498,1,6921,2613
Island,499,1,5041,1612
Island,501,1,6922,2612
Island,507,1,6924,2609
Island,508,1,6925,2608
Island,516,1,6833,2566
Island,520,1,5053,1575
Island,524,1,5055,1568
Island,528,1,5057,1561
Island,539,1,6775,2460
Island,554,300,1425,2860
Island,559,1,5070,1508
Island,562,1,5071,1503
Island,580,401,4355,2213
Island,584,1,1334,3062
Island,584,1,1402,2828
Island,584,1,1401,2827
Island,584,1,1400,2826
Island,584,1,1399,2825
Island,591,1,5079,1455
Island,598,89,1232,3070
Island,598,50,1245,3127
Island,599,11,1733,2818
Island,602,255,6902,2224
Island,602,1,6985,2242
Island,602,1,5081,1437
Island,607,174,1188,3165
Island,615,1,5083,1416
Island,617,1,7848,2873
Island,618,1,7850,2874
Island,619,1,7852,2875
Island,621,1,7856,2876
Island,625,1,5084,1400
Island,627,1,7869,2883
Island,628,2,7871,2883
Island,630,23,1046,3353
Island,630,1,7876,2888
Island,640,1,5085,1376
Island,642,1,5085,1373
Island,644,1,5085,1370
Island,651,12,1051,3243
Island,656,1,5085,1351
Island,664,175,1457,2822
Island,671,29,1366,2861
Island,671,3,1472,2814
Island,694,104,1521,2778
Island,720,1,7205,2657
Island,726,196,1360,2764
Island,730,180,1404,2742
Island,732,321,1302,2743
Island,732,80,7235,2528
Island,736,24,1328,2667
Island,736,1,1332,2666
Island,738,40,1299,2799
Island,738,14,1307,2783
Island,738,10,1287,2772
Island,739,125,1436,2655
Island,740,296,1351,2601
Island,740,175,1251,2759
Island,743,182,1436,2617
Island,743,15,1327,2813
Island,745,83,1444,2603
Island,747,8,1409,2596
Island,752,52,1507,2718
Island,758,38,1278,2844
Island,758,30,1540,2711
Island,772,118,1490,2584
Island,777,6,1533,2760
Island,778,60,1562,2651
Island,779,2,1551,2734
Island,779,1,1553,2738
Island,779,1,1552,2736
Island,786,1,1539,2615
Island,786,1,1535,2615
Island,788,17,1245,3062
Island,790,251,1451,2512
Island,797,107,1137,2750
Island,798,75,1169,2841
Island,800,63,1613,2694
Island,803,45,1510,2559
Island,805,171,7767,2707
Island,812,31,1152,2868
Island,821,9,1637,2632
Island,824,61,1401,2479
Island,830,3,7817,2655
Island,830,2,7822,2657
Island,830,2,7820,2656
Island,832,2,7805,2656
Island,832,1,7804,2658
Island,835,70,1663,2652
Island,842,173,1340,2465
Island,846,87,4674,1533
Island,859,89,1381,2456
Island,862,231,7727,2566
Island,862,1,1081,2813
Island,865,1,7022,2490
Island,869,1,7011,2496
Island,869,1,6945,2370
Island,871,2,1156,2944
Island,871,1,1157,2947
Island,871,1,7006,2499
Island,872,1,7004,2500
Island,872,1,6936,2375
Island,874,6,7589,2236
Island,874,1,7001,2502
Island,874,1,6930,2378
Island,874,1,7588,2239
Island,875,106,7583,2230
Island,875,1,6999,2503
Island,876,1,6997,2504
Island,877,2,1179,2937
Island,877,1,1180,2939
Island,877,1,6922,2382
Island,878,24,1177,2933
Island,879,1,6994,2506
Island,880,1,6914,2386
Island,885,1,6902,2391
Island,888,1,6896,2393
Island,894,4,7789,2374
Island,894,4,7786,2372
Island,894,2,7792,2376
Island,898,1,1157,2569
Island,898,1,1156,2568
Island,901,15,7591,2206
Island,902,72,6861,1778
Island,911,1,6915,1755
Island,912,10,6811,1835
Island,912,1,7667,2168
Island,913,316,6797,1820
Island,913,1,6936,1737
Island,913,1,6948,1728
Island,913,1,6949,1727
Island,913,1,6951,1726
Island,913,1,6954,1724
Island,913,1,6965,1718
Island,914,1,6778,1826
Island,914,1,6844,1768
Island,915,61,1320,2975
Island,920,1,6900,1714
Island,924,58,1376,2418
Island,925,1,7096,1708
Island,926,137,7089,1699
Island,973,15,6618,1965
Island,977,19,7785,2140
Island,997,30,1649,2766
Island,1007,10,6590,1865
Island,1016,40,1651,2790
Island,1017,20,6535,1912
Island,1038,16,1365,3051
Island,1038,1,1364,3050
Island,1046,36,1591,2973
Island,1046,1,1601,2972
Island,1061,1,4089,1516
Island,1097,1,7094,1821
Island,1099,42,1433,2564
Island,1106,1,7128,1876
Island,1107,2,7132,1882
Island,1120,208,5031,2233
Island,1221,29,7510,1997
Island,1226,2,7467,2012
Island,1226,1,7466,2014
Island,1226,1,7468,2011
Island,1231,10,7428,2017
Island,1231,2,7432,2015
Island,1231,1,7433,2014
Island,1231,1,7434,2012
ResinTrap,17,1022,4030,2543
ResinTrap,17,987,4033,2543
ResinTrap,24,24,2816,1794
ResinTrap,24,24,3205,1794
ResinTrap,24,24,1693,2323
ResinTrap,24,24,3983,3349
ResinTrap,24,24,4955,2377
ResinTrap,24,23,7200,1455
ResinTrap,24,23,3789,822
ResinTrap,24,23,4178,822
ResinTrap,24,23,2428,2183
ResinTrap,24,23,5150,2183
ResinTrap,24,23,6617,1649
ResinTrap,24,23,916,3101
ResinTrap,24,23,1110,2518
ResinTrap,24,23,2428,1405
ResinTrap,24,23,4372,1016
ResinTrap,24,23,7589,1844
ResinTrap,24,23,3594,1405
ResinTrap,24,23,1499,2518
ResinTrap,24,23,4761,1016
ResinTrap,24,23,4178,3155
ResinTrap,24,23,3983,1405
ResinTrap,24,23,7006,1649
ResinTrap,24,23,1305,2323
ResinTrap,24,23,4372,1405
ResinTrap,24,23,5150,1016
ResinTrap,24,23,2233,1988
ResinTrap,24,23,2622,1988
ResinTrap,24,23,4761,1405
ResinTrap,24,23,7395,1649
ResinTrap,24,23,5150,2572
ResinTrap,24,23,3011,1988
ResinTrap,24,23,2428,1794
ResinTrap,24,22,2622,1599
ResinTrap,24,22,3400,822
ResinTrap,24,22,3011,1599
ResinTrap,24,22,3400,1599
ResinTrap,24,22,3789,1599
ResinTrap,24,22,6422,1844
ResinTrap,24,22,4567,3155
ResinTrap,24,22,4178,1210
ResinTrap,24,22,4567,1210
ResinTrap,24,22,4372,3349
ResinTrap,24,22,6811,3399
ResinTrap,24,17,4955,1210
ResinTrap,216,13,6740,2338
ResinTrap,220,7,3929,2396
ResinTrap,226,24,4372,1210
ResinTrap,226,24,5150,1210
ResinTrap,226,23,3400,627
ResinTrap,226,23,3789,627
ResinTrap,226,23,3011,1405
ResinTrap,226,23,4178,627
ResinTrap,226,23,2622,1794
ResinTrap,226,23,3400,1405
ResinTrap,226,23,7395,1455
ResinTrap,226,23,3594,822
ResinTrap,226,23,3789,1405
ResinTrap,226,23,4761,1016
ResinTrap,226,23,2428,1794
ResinTrap,226,23,7784,1844
ResinTrap,226,23,1305,2518
ResinTrap,226,23,5150,2377
ResinTrap,226,23,2233,1988
ResinTrap,226,23,6617,1649
ResinTrap,226,23,3011,1016
ResinTrap,226,23,3983,1405
ResinTrap,226,23,3400,1016
ResinTrap,226,23,7200,1649
ResinTrap,226,23,4178,1405
ResinTrap,226,23,1110,2712
ResinTrap,226,23,2428,1988
ResinTrap,226,23,4761,3155
ResinTrap,226,23,3789,1016
ResinTrap,226,23,5150,2766
ResinTrap,226,23,7978,2038
ResinTrap,226,23,7589,1649
ResinTrap,226,23,1305,2323
ResinTrap,226,23,7200,1455
ResinTrap,226,23,4178,1016
ResinTrap,226,23,2622,1405
ResinTrap,226,23,2233,1794
ResinTrap,226,23,1499,2323
ResinTrap,226,22,4567,627
ResinTrap,226,22,3983,1599
ResinTrap,226,22,2428,1599
ResinTrap,226,22,4178,1210
ResinTrap,226,22,2816,1599
ResinTrap,226,22,3594,1405
ResinTrap,226,22,4761,822
ResinTrap,226,22,2817,1794
ResinTrap,226,22,3205,1599
ResinTrap,226,22,6422,1649
ResinTrap,226,22,4372,822
ResinTrap,226,22,3983,822
ResinTrap,226,22,4955,822
ResinTrap,226,22,3594,1599
ResinTrap,226,22,7589,1844
ResinTrap,226,22,3789,1599
ResinTrap,226,22,3983,1210
ResinTrap,226,22,4955,1016
ResinTrap,226,22,4955,2572
ResinTrap,226,22,6811,1649
ResinTrap,226,22,4178,3349
ResinTrap,226,22,4567,1016
ResinTrap,226,22,3594,1210
ResinTrap,226,22,916,2906
ResinTrap,226,19,4566,3349
ResinTrap,226,12,4567,1211
ResinTrap,226,12,2817,1211
ResinTrap,226,12,4956,2961
ResinTrap,226,12,3206,1211
ResinTrap,226,12,4956,1211
ResinTrap,227,7,1278,3217
ResinTrap,229,7,4578,2179
ResinTrap,235,7,3791,2971
ResinTrap,235,7,3786,2972
ResinTrap,239,9,1814,3032
ResinTrap,243,35,3771,1989
ResinTrap,244,7,7767,2991
ResinTrap,245,33,4158,2958
ResinTrap,245,7,5145,1580
ResinTrap,246,28,4200,2953
ResinTrap,246,13,4158,2963
ResinTrap,246,10,4740,1608
ResinTrap,247,10,4157,1798
ResinTrap,248,7,4980,1606
ResinTrap,248,7,1478,2714
ResinTrap,249,7,2988,2187
ResinTrap,251,7,3793,1964
ResinTrap,251,7,6843,2802
ResinTrap,251,7,7458,2656
ResinTrap,254,7,3802,1957
ResinTrap,254,7,3799,1959
ResinTrap,256,7,3799,2954
ResinTrap,256,7,3800,2949
ResinTrap,256,7,3790,2023
ResinTrap,257,7,3800,2945
ResinTrap,257,7,4382,1819
ResinTrap,259,30,4763,1632
ResinTrap,260,18,4179,1831
ResinTrap,263,7,3241,2193
ResinTrap,263,7,2965,2202
ResinTrap,263,7,3236,2196
ResinTrap,266,7,6763,2510
ResinTrap,267,10,3637,1994
ResinTrap,267,7,3818,2016
ResinTrap,268,7,3785,2016
ResinTrap,268,7,4165,2939
ResinTrap,268,7,4775,1643
ResinTrap,269,10,4957,1634
ResinTrap,270,7,6766,2296
ResinTrap,272,24,3586,2010
ResinTrap,272,7,3237,2210
ResinTrap,273,31,4172,1816
ResinTrap,273,12,3603,2010
ResinTrap,273,7,3606,2013
ResinTrap,274,42,3809,1987
ResinTrap,274,39,3198,2205
ResinTrap,274,10,7833,2433
ResinTrap,274,7,4164,1812
ResinTrap,275,13,4387,1808
ResinTrap,275,9,3835,1979
ResinTrap,275,7,4175,1821
ResinTrap,275,7,3580,2006
ResinTrap,276,38,3204,2189
ResinTrap,276,37,2999,2227
ResinTrap,276,7,4196,1839
ResinTrap,276,7,4176,1825
ResinTrap,277,12,6821,2766
ResinTrap,277,7,3253,2179
ResinTrap,277,7,6818,2769
ResinTrap,278,32,3213,2184
ResinTrap,278,28,2989,2227
ResinTrap,278,7,2995,2228
ResinTrap,279,25,7582,2999
ResinTrap,279,20,1156,3278
ResinTrap,279,7,1157,3277
ResinTrap,280,35,7797,2447
ResinTrap,280,20,3808,2917
ResinTrap,280,18,3203,2214
ResinTrap,280,7,7789,2480
ResinTrap,281,7,3806,2028
ResinTrap,281,7,6705,2500
ResinTrap,282,28,1501,2758
ResinTrap,282,13,3005,2240
ResinTrap,283,33,7786,2457
ResinTrap,283,28,4411,1794
ResinTrap,283,12,4752,1662
ResinTrap,283,7,3809,2028
ResinTrap,283,7,3269,2202
ResinTrap,283,7,3273,2203
ResinTrap,284,32,7955,2636
ResinTrap,284,18,4744,1634
ResinTrap,284,7,4747,1636
ResinTrap,285,41,1484,2759
ResinTrap,286,42,4412,1780
ResinTrap,287,23,1509,2752
ResinTrap,287,7,7961,2636
ResinTrap,288,21,1533,2752
ResinTrap,289,7,1133,3215
ResinTrap,289,7,1129,3225
ResinTrap,291,26,6992,3192
ResinTrap,292,42,7941,2654
ResinTrap,292,7,4426,1802
ResinTrap,292,7,1131,3219
ResinTrap,292,7,4181,2925
ResinTrap,293,18,4423,1800
ResinTrap,293,7,1132,3216
ResinTrap,294,12,1473,2775
ResinTrap,294,10,1472,2779
ResinTrap,294,7,3792,1997
ResinTrap,295,7,7045,3012
ResinTrap,296,52,4375,1792
ResinTrap,297,20,3222,2168
ResinTrap,297,7,1864,2743
ResinTrap,297,7,3221,2173
ResinTrap,298,13,4407,1801
ResinTrap,298,12,2977,2224
ResinTrap,298,7,3233,2193
ResinTrap,298,7,4403,1804
ResinTrap,298,7,1509,2786
ResinTrap,299,23,3862,2954
ResinTrap,299,18,1128,3281
ResinTrap,300,7,3799,1995
ResinTrap,301,18,4381,1797
ResinTrap,301,10,1508,2783
ResinTrap,301,10,2644,2385
ResinTrap,301,7,7776,2461
ResinTrap,302,18,3009,2227
ResinTrap,302,7,3578,2038
ResinTrap,303,27,1474,2751
ResinTrap,305,7,7944,2672
ResinTrap,306,20,4388,1764
ResinTrap,306,7,3825,2005
ResinTrap,307,7,3784,2918
ResinTrap,307,7,1475,2757
ResinTrap,308,60,1876,2783
ResinTrap,308,55,1507,2734
ResinTrap,310,13,3864,1992
ResinTrap,310,7,4188,1815
ResinTrap,310,7,4191,1813
ResinTrap,310,7,3867,2000
ResinTrap,310,7,6812,2113
ResinTrap,310,7,7790,2990
ResinTrap,311,7,3779,2914
ResinTrap,311,7,2996,2200
ResinTrap,311,7,6810,2109
ResinTrap,312,48,7023,3178
ResinTrap,313,7,7795,2992
ResinTrap,314,7,7177,3187
ResinTrap,314,7,7180,3189
ResinTrap,315,13,4176,2958
ResinTrap,315,7,2999,2202
ResinTrap,315,7,3614,2001
ResinTrap,316,7,3617,1993
ResinTrap,316,7,3002,2204
ResinTrap,317,10,7334,2367
ResinTrap,317,7,7083,2301
ResinTrap,318,12,7095,2316
ResinTrap,319,7,3616,1998
ResinTrap,321,7,7763,2431
ResinTrap,323,7,7760,2436
ResinTrap,323,7,7762,2433
ResinTrap,325,13,4189,2957
ResinTrap,327,10,1551,2748
ResinTrap,327,7,7024,2998
ResinTrap,328,22,6592,2402
ResinTrap,328,13,4387,1772
ResinTrap,333,25,1826,2771
ResinTrap,334,13,1166,3243
ResinTrap,336,75,1855,2779
ResinTrap,337,22,1856,2785
ResinTrap,338,13,1830,2771
ResinTrap,341,7,1172,3208
ResinTrap,344,9,4257,2634
ResinTrap,345,18,2033,2913
ResinTrap,345,13,1177,3203
ResinTrap,345,7,2036,2912
ResinTrap,347,33,7008,3181
ResinTrap,350,23,4411,1762
ResinTrap,351,13,7044,3181
ResinTrap,351,7,7047,3183
ResinTrap,351,7,4417,1763
ResinTrap,353,7,1485,2730
ResinTrap,353,7,7726,2407
ResinTrap,354,20,7728,2406
ResinTrap,354,7,6993,3145
ResinTrap,355,7,1210,3224
ResinTrap,356,7,7195,3142
ResinTrap,356,7,2026,2920
ResinTrap,357,7,7704,3025
ResinTrap,358,7,1488,2732
ResinTrap,358,7,2025,2921
ResinTrap,359,13,1492,2734
ResinTrap,359,7,6999,3140
ResinTrap,359,7,7034,3036
ResinTrap,361,7,2023,2923
ResinTrap,361,7,7699,3024
ResinTrap,365,7,4971,1617
ResinTrap,368,7,4960,1622
ResinTrap,368,7,1242,3240
ResinTrap,370,7,1244,3239
ResinTrap,371,158,4965,1617
ResinTrap,373,7,1249,3237
ResinTrap,376,20,1256,3234
ResinTrap,379,12,3637,2001
ResinTrap,379,7,1490,3045
ResinTrap,380,102,4748,1620
ResinTrap,381,18,1490,3042
ResinTrap,381,17,4756,1622
ResinTrap,382,30,4745,1622
ResinTrap,387,13,1890,2859
ResinTrap,398,13,4929,1602
ResinTrap,401,25,7608,2953
ResinTrap,425,13,1397,2845
ResinTrap,426,23,6802,2047
ResinTrap,428,23,3983,627
ResinTrap,428,23,4372,627
ResinTrap,428,23,5150,2377
ResinTrap,428,23,4761,1016
ResinTrap,428,23,3983,1405
ResinTrap,428,23,3983,1016
ResinTrap,428,23,5150,2183
ResinTrap,428,23,4372,1016
ResinTrap,428,22,3594,627
ResinTrap,428,22,3594,1405
ResinTrap,428,22,3011,822
ResinTrap,428,22,5150,2572
ResinTrap,428,22,7200,1455
ResinTrap,428,22,3400,822
ResinTrap,428,22,3594,1016
ResinTrap,428,22,3789,822
ResinTrap,428,22,2428,1405
ResinTrap,428,22,2428,1794
ResinTrap,428,22,4761,3349
ResinTrap,428,22,6422,1844
ResinTrap,428,19,3205,627
ResinTrap,428,19,4178,1211
ResinTrap,428,19,2428,1599
ResinTrap,428,19,4178,822
ResinTrap,428,19,4955,2377
ResinTrap,428,19,2817,1016
ResinTrap,428,17,3206,1016
ResinTrap,428,17,2622,1211
ResinTrap,428,17,3011,1211
ResinTrap,428,17,4956,2766
ResinTrap,428,17,3400,1211
ResinTrap,428,17,3206,1405
ResinTrap,428,17,3789,1211
ResinTrap,428,17,4761,2961
ResinTrap,428,12,4567,3350
ResinTrap,428,7,6799,2043
ResinTrap,436,9,2999,1782
ResinTrap,436,7,4186,1795
ResinTrap,436,7,4187,1798
ResinTrap,437,10,4187,1788
ResinTrap,438,7,6818,2048
ResinTrap,438,7,6879,2437
ResinTrap,446,24,3389,2007
ResinTrap,447,32,923,2690
ResinTrap,449,29,7762,2041
ResinTrap,450,28,1671,2520
ResinTrap,450,7,2795,1987
ResinTrap,450,7,2794,1982
ResinTrap,450,7,1670,2528
ResinTrap,451,22,2823,2186
ResinTrap,451,7,1971,2909
ResinTrap,451,7,1965,2906
ResinTrap,451,7,3015,1771
ResinTrap,453,34,3404,1768
ResinTrap,453,15,3375,1796
ResinTrap,453,7,4565,1381
ResinTrap,454,12,2831,2194
ResinTrap,454,7,4001,1811
ResinTrap,454,7,4004,1809
ResinTrap,455,10,3590,1972
ResinTrap,455,7,4753,1582
ResinTrap,456,10,3975,2987
ResinTrap,457,38,3401,2939
ResinTrap,457,7,1966,2908
ResinTrap,458,13,2813,1959
ResinTrap,458,13,4578,1617
ResinTrap,459,29,3017,2161
ResinTrap,459,17,3393,1763
ResinTrap,459,7,3397,2932
ResinTrap,462,7,3020,2153
ResinTrap,462,7,4011,2962
ResinTrap,463,44,2626,2190
ResinTrap,463,26,4190,1622
ResinTrap,463,7,1134,2890
ResinTrap,463,7,4004,2959
ResinTrap,464,49,3778,1803
ResinTrap,464,7,4009,2961
ResinTrap,465,7,1799,2878
ResinTrap,467,13,3572,1994
ResinTrap,468,7,3012,2164
ResinTrap,470,21,1135,3114
ResinTrap,470,7,7007,2298
ResinTrap,470,7,2620,2203
ResinTrap,470,7,3791,1811
ResinTrap,470,7,7006,2293
ResinTrap,471,36,3429,1820
ResinTrap,471,36,4585,1424
ResinTrap,471,18,2837,2164
ResinTrap,471,7,3431,1824
ResinTrap,471,7,4190,1618
ResinTrap,471,7,3393,1832
ResinTrap,471,7,7008,2304
ResinTrap,471,7,7005,2288
ResinTrap,472,28,3392,1832
ResinTrap,472,7,7004,2283
ResinTrap,473,46,4555,1442
ResinTrap,474,38,3984,1774
ResinTrap,474,10,4189,1614
ResinTrap,474,7,1141,3123
ResinTrap,474,7,3952,1792
ResinTrap,475,39,4571,1422
ResinTrap,475,12,4591,1429
ResinTrap,476,42,4934,1401
ResinTrap,476,13,3006,1834
ResinTrap,476,10,3060,1798
ResinTrap,477,28,1131,3294
ResinTrap,477,7,7001,2269
ResinTrap,479,23,1109,3285
ResinTrap,479,7,1134,3300
ResinTrap,480,45,3407,1815
ResinTrap,480,7,1135,3305
ResinTrap,482,7,3442,1809
ResinTrap,482,7,3978,1787
ResinTrap,482,7,4018,2998
ResinTrap,483,18,7188,2816
ResinTrap,484,44,1129,3096
ResinTrap,484,13,4538,1442
ResinTrap,484,7,1149,3062
ResinTrap,484,7,4546,1445
ResinTrap,484,7,3415,2949
ResinTrap,484,7,3979,1784
ResinTrap,485,51,7213,2764
ResinTrap,485,20,4358,1424
ResinTrap,485,20,3327,1815
ResinTrap,485,10,3405,1808
ResinTrap,485,7,2602,2174
ResinTrap,485,7,3328,1816
ResinTrap,485,7,3789,1770
ResinTrap,485,7,4567,1416
ResinTrap,485,7,3354,1842
ResinTrap,485,7,3179,1998
ResinTrap,486,49,4163,1602
ResinTrap,486,7,1147,3060
ResinTrap,486,7,1126,3094
ResinTrap,487,52,4603,1404
ResinTrap,488,13,3175,2004
ResinTrap,488,7,2608,2176
ResinTrap,489,7,4162,1599
ResinTrap,490,20,4189,3000
ResinTrap,490,7,1125,3291
ResinTrap,491,21,3005,1826
ResinTrap,491,7,1122,3290
ResinTrap,492,7,4377,1431
ResinTrap,492,7,4199,1599
ResinTrap,493,23,4002,1774
ResinTrap,493,7,4603,1398
ResinTrap,493,7,3401,1830
ResinTrap,494,18,4563,1439
ResinTrap,494,7,4776,1565
ResinTrap,495,7,7563,2062
ResinTrap,497,35,7561,2062
ResinTrap,497,7,4915,1391
ResinTrap,497,7,4178,1612
ResinTrap,498,10,1152,2902
ResinTrap,499,37,3031,1813
ResinTrap,499,7,4920,1414
ResinTrap,500,55,3418,1786
ResinTrap,500,34,1077,3313
ResinTrap,500,20,7208,2773
ResinTrap,500,7,4174,1611
ResinTrap,501,18,4348,1439
ResinTrap,502,26,3031,1803
ResinTrap,502,7,3431,2954
ResinTrap,504,7,3415,1777
ResinTrap,505,10,3994,1745
ResinTrap,505,7,3798,1771
ResinTrap,506,27,4546,1412
ResinTrap,506,7,3386,1803
ResinTrap,506,7,3394,1806
ResinTrap,506,7,2997,1821
ResinTrap,507,20,1074,3275
ResinTrap,507,10,1113,3264
ResinTrap,507,10,1114,3259
ResinTrap,507,7,1159,3279
ResinTrap,508,7,6993,2246
ResinTrap,508,7,3388,1804
ResinTrap,509,10,7215,2730
ResinTrap,509,7,3806,1773
ResinTrap,510,7,3390,1805
ResinTrap,510,7,4941,1383
ResinTrap,510,7,3779,1783
ResinTrap,510,7,1725,2804
ResinTrap,511,18,3414,1796
ResinTrap,511,12,4369,1397
ResinTrap,511,12,7564,2076
ResinTrap,511,7,3416,1794
ResinTrap,511,7,3805,1772
ResinTrap,511,7,4367,1394
ResinTrap,512,18,3780,1779
ResinTrap,512,7,4943,1375
ResinTrap,512,7,2627,2160
ResinTrap,512,7,1683,2538
ResinTrap,513,7,3413,2970
ResinTrap,514,72,1282,2722
ResinTrap,514,13,7070,2396
ResinTrap,514,10,4942,1376
ResinTrap,514,7,4570,1399
ResinTrap,514,7,3416,2963
ResinTrap,514,7,1727,2815
ResinTrap,515,7,4143,1592
ResinTrap,515,7,1723,2807
ResinTrap,515,7,2628,2157
ResinTrap,517,7,1722,2808
ResinTrap,517,7,1725,2815
ResinTrap,517,7,7071,2398
ResinTrap,519,7,4475,2937
ResinTrap,519,7,1121,3134
ResinTrap,519,7,1128,3132
ResinTrap,520,23,4475,2936
ResinTrap,520,7,3963,1749
ResinTrap,521,13,7243,2787
ResinTrap,521,7,1127,3133
ResinTrap,522,30,7215,2780
ResinTrap,522,7,1720,2811
ResinTrap,523,7,3599,1769
ResinTrap,523,7,6993,2252
ResinTrap,523,7,2659,2147
ResinTrap,524,27,4009,3014
ResinTrap,524,7,3439,1790
ResinTrap,525,7,3047,1796
ResinTrap,526,54,1465,2713
ResinTrap,526,7,4367,1407
ResinTrap,526,7,3605,1771
ResinTrap,526,7,4366,1412
ResinTrap,527,7,1718,2814
ResinTrap,528,42,1296,2739
ResinTrap,528,13,3022,1796
ResinTrap,528,13,3025,1798
ResinTrap,528,7,1473,2807
ResinTrap,529,7,4163,1583
ResinTrap,531,12,4164,1579
ResinTrap,532,62,7927,2498
ResinTrap,534,42,1473,2681
ResinTrap,534,7,1474,2685
ResinTrap,535,13,1267,2733
ResinTrap,535,7,6994,2258
ResinTrap,537,18,1127,2896
ResinTrap,537,7,1211,3141
ResinTrap,538,7,1504,2721
ResinTrap,539,71,7921,2488
ResinTrap,539,7,4598,1386
ResinTrap,541,78,1334,2697
ResinTrap,543,7,6995,2262
ResinTrap,544,25,1193,3107
ResinTrap,544,7,1078,3298
ResinTrap,544,7,1465,2727
ResinTrap,546,7,1077,3299
ResinTrap,547,13,6996,2265
ResinTrap,547,10,1159,3247
ResinTrap,549,13,1172,3077
ResinTrap,549,10,1448,2711
ResinTrap,549,7,1075,3302
ResinTrap,551,7,6997,2268
ResinTrap,553,10,7007,2298
ResinTrap,554,20,1502,2705
ResinTrap,555,18,1287,2709
ResinTrap,556,13,6999,2273
ResinTrap,556,7,7587,2061
ResinTrap,557,10,7006,2294
ResinTrap,558,30,7000,2276
ResinTrap,558,23,7005,2291
ResinTrap,558,7,1467,2693
ResinTrap,559,7,1463,2702
ResinTrap,559,7,2804,1978
ResinTrap,560,27,7002,2281
ResinTrap,560,17,7581,2060
ResinTrap,560,17,7004,2287
ResinTrap,560,7,2814,1974
ResinTrap,562,7,1463,2700
ResinTrap,562,7,7928,2519
ResinTrap,564,7,7931,2521
ResinTrap,565,7,2807,1976
ResinTrap,565,7,7579,2019
ResinTrap,567,51,6841,2267
ResinTrap,567,13,1508,2695
ResinTrap,567,13,1506,2698
ResinTrap,567,7,2810,1975
ResinTrap,567,7,1329,2692
ResinTrap,567,7,1463,2697
ResinTrap,570,10,1327,2691
ResinTrap,573,28,7181,2706
ResinTrap,574,18,6889,2377
ResinTrap,574,7,1422,2749
ResinTrap,579,7,6885,2400
ResinTrap,579,7,1422,2751
ResinTrap,584,13,1253,2678
ResinTrap,584,12,6877,2415
ResinTrap,584,10,6918,2243
ResinTrap,585,7,6925,2243
ResinTrap,590,10,1104,3319
ResinTrap,590,9,1220,3117
ResinTrap,598,7,1221,3295
ResinTrap,599,16,1450,2786
ResinTrap,601,13,1282,2772
ResinTrap,601,7,1220,3109
ResinTrap,607,13,1280,2777
ResinTrap,609,21,1374,3080
ResinTrap,610,12,1262,2937
ResinTrap,611,23,1116,2854
ResinTrap,617,14,1372,3065
ResinTrap,630,23,3400,627
ResinTrap,630,23,3789,627
ResinTrap,630,23,4372,627
ResinTrap,630,23,3011,1016
ResinTrap,630,23,3400,1016
ResinTrap,630,22,4178,627
ResinTrap,630,22,3983,627
ResinTrap,630,22,3594,1016
ResinTrap,630,19,3594,627
ResinTrap,630,19,3983,822
ResinTrap,630,19,4372,822
ResinTrap,630,17,2817,1016
ResinTrap,630,17,3011,1211
ResinTrap,630,17,3206,1016
ResinTrap,630,12,2817,1211
ResinTrap,630,12,4178,822
ResinTrap,630,12,3206,822
ResinTrap,630,12,3206,1211
ResinTrap,630,12,3595,822
ResinTrap,633,19,1105,3332
ResinTrap,633,7,7517,2246
ResinTrap,636,40,7571,2030
ResinTrap,638,14,7017,1638
ResinTrap,638,12,2999,1587
ResinTrap,643,10,1742,2905
ResinTrap,643,7,3024,1583
ResinTrap,644,12,1136,3340
ResinTrap,650,26,4771,1215
ResinTrap,650,7,1477,2871
ResinTrap,653,34,1490,2521
ResinTrap,654,12,2440,2001
ResinTrap,654,7,3396,1618
ResinTrap,655,17,2622,1987
ResinTrap,656,13,1303,2523
ResinTrap,657,7,4759,1224
ResinTrap,659,7,4766,2408
ResinTrap,659,7,1196,3159
ResinTrap,660,30,3815,1425
ResinTrap,660,30,6864,2383
ResinTrap,660,20,4156,1416
ResinTrap,662,24,4958,1048
ResinTrap,663,19,1539,3068
ResinTrap,663,7,1501,2527
ResinTrap,665,26,3589,1602
ResinTrap,665,13,4797,2379
ResinTrap,665,7,3594,1613
ResinTrap,665,7,4756,2414
ResinTrap,666,25,4564,1214
ResinTrap,666,7,4801,2389
ResinTrap,666,7,4948,2221
ResinTrap,667,13,7195,1849
ResinTrap,668,22,1240,3136
ResinTrap,668,7,6844,2388
ResinTrap,669,7,4765,1191
ResinTrap,669,7,4767,1194
ResinTrap,670,37,4158,1397
ResinTrap,670,18,4359,1225
ResinTrap,670,7,3832,1440
ResinTrap,670,7,2819,1801
ResinTrap,671,45,3386,1601
ResinTrap,671,7,4354,3315
ResinTrap,672,7,1496,2508
ResinTrap,672,7,4006,3319
ResinTrap,673,7,4361,1236
ResinTrap,673,7,1500,2498
ResinTrap,674,53,2845,1782
ResinTrap,674,7,7904,2533
ResinTrap,674,7,1497,2505
ResinTrap,675,37,3808,1404
ResinTrap,675,17,4941,1061
ResinTrap,676,44,4935,1021
ResinTrap,676,7,3388,1596
ResinTrap,676,7,7903,2534
ResinTrap,676,7,2435,1959
ResinTrap,677,7,4966,1081
ResinTrap,678,7,1509,2541
ResinTrap,680,39,7765,2077
ResinTrap,680,10,4965,1079
ResinTrap,680,7,3413,1617
ResinTrap,681,43,4709,2382
ResinTrap,681,37,7172,1835
ResinTrap,682,13,7762,2068
ResinTrap,683,12,2810,1790
ResinTrap,684,29,4556,1192
ResinTrap,684,22,3038,1607
ResinTrap,684,10,2434,1947
ResinTrap,684,7,4560,1202
ResinTrap,685,17,3131,2745
ResinTrap,685,7,2639,1819
ResinTrap,685,7,4119,1415
ResinTrap,686,33,3010,1618
ResinTrap,686,13,2630,1823
ResinTrap,686,10,6847,2324
ResinTrap,687,47,3977,1233
ResinTrap,687,7,7157,1839
ResinTrap,687,7,3010,1625
ResinTrap,688,33,4946,1028
ResinTrap,689,13,7159,1838
ResinTrap,690,41,4012,1232
ResinTrap,690,13,3846,1413
ResinTrap,692,58,3421,1583
ResinTrap,692,18,3005,1613
ResinTrap,692,7,3772,1409
ResinTrap,692,7,1316,2717
ResinTrap,693,7,1478,2685
ResinTrap,694,34,2808,1774
ResinTrap,694,16,4908,2177
ResinTrap,694,7,4381,1191
ResinTrap,694,7,4383,1194
ResinTrap,695,9,4903,2171
ResinTrap,695,7,4906,2174
ResinTrap,695,7,7593,1875
ResinTrap,696,7,4919,1038
ResinTrap,698,52,6679,1829
ResinTrap,699,58,6986,1834
ResinTrap,699,12,2802,1765
ResinTrap,700,18,7947,2228
ResinTrap,700,17,7596,1866
ResinTrap,701,18,2838,1793
ResinTrap,701,9,4940,2199
ResinTrap,701,7,6989,1840
ResinTrap,702,7,4057,1221
ResinTrap,702,7,4587,1170
ResinTrap,702,7,4059,1224
ResinTrap,702,7,4590,1172
ResinTrap,703,20,1473,2682
ResinTrap,703,7,4688,2367
ResinTrap,704,7,4952,1042
ResinTrap,705,18,1263,2511
ResinTrap,705,7,4378,1219
ResinTrap,705,7,4591,1203
ResinTrap,705,7,4369,1223
ResinTrap,706,27,4533,1221
ResinTrap,706,13,4587,1162
ResinTrap,706,12,7604,1861
ResinTrap,707,18,7210,1833
ResinTrap,708,12,4588,1204
ResinTrap,709,55,3995,1229
ResinTrap,709,32,4762,2374
ResinTrap,710,25,4905,1010
ResinTrap,710,7,3988,1233
ResinTrap,712,18,4958,1023
ResinTrap,712,7,4007,1233
ResinTrap,712,7,3792,1417
ResinTrap,712,7,1528,2524
ResinTrap,714,53,4933,2178
ResinTrap,714,13,7158,1808
ResinTrap,714,13,1532,2522
ResinTrap,714,7,3796,1416
ResinTrap,715,40,6881,2353
ResinTrap,715,13,6686,1811
ResinTrap,715,7,6881,2355
ResinTrap,716,7,986,2734
ResinTrap,718,7,7156,1805
ResinTrap,720,24,7174,2715
ResinTrap,721,62,4743,2307
ResinTrap,721,7,7781,2061
ResinTrap,721,7,4892,2150
ResinTrap,721,7,3032,1619
ResinTrap,721,7,4934,995
ResinTrap,722,7,4328,1205
ResinTrap,722,7,4325,1203
ResinTrap,723,56,4743,2359
ResinTrap,723,10,3029,1620
ResinTrap,723,7,3744,1396
ResinTrap,723,7,4933,996
ResinTrap,723,7,3418,1557
ResinTrap,723,7,3752,1400
ResinTrap,725,7,4932,997
ResinTrap,725,7,4891,2146
ResinTrap,725,7,4708,2341
ResinTrap,726,13,3747,1398
ResinTrap,727,61,4705,2339
ResinTrap,727,55,4916,2171
ResinTrap,727,7,7213,2716
ResinTrap,728,85,4726,2308
ResinTrap,728,17,2779,1792
ResinTrap,728,10,7044,2787
ResinTrap,730,7,3198,1745
ResinTrap,731,13,4853,2158
ResinTrap,731,7,3451,1564
ResinTrap,733,69,4742,2343
ResinTrap,733,13,3355,1565
ResinTrap,733,7,2627,1790
ResinTrap,734,13,4751,2365
ResinTrap,734,7,3201,1742
ResinTrap,734,7,3409,1578
ResinTrap,735,7,4908,2172
ResinTrap,737,7,4731,1178
ResinTrap,737,7,3404,1579
ResinTrap,737,7,1702,2571
ResinTrap,738,7,3772,1385
ResinTrap,738,7,1706,2564
ResinTrap,738,7,2621,1792
ResinTrap,738,7,3770,1389
ResinTrap,738,7,7122,2890
ResinTrap,741,82,4722,2365
ResinTrap,741,9,7143,2255
ResinTrap,741,7,4718,2299
ResinTrap,741,7,1704,2569
ResinTrap,741,7,4914,2210
ResinTrap,741,7,7220,2773
ResinTrap,742,23,4909,2211
ResinTrap,742,21,7171,2841
ResinTrap,742,7,4714,2296
ResinTrap,743,62,4703,2356
ResinTrap,744,7,3382,1548
ResinTrap,744,7,7201,2820
ResinTrap,745,110,4715,2322
ResinTrap,745,20,7213,2796
ResinTrap,745,13,7207,2810
ResinTrap,746,7,3381,1550
ResinTrap,746,7,4731,2362
ResinTrap,751,7,4345,1191
ResinTrap,754,43,6930,1831
ResinTrap,754,13,4715,2363
ResinTrap,755,10,4698,2346
ResinTrap,755,7,6963,1810
ResinTrap,755,7,7032,1857
ResinTrap,755,7,7027,1858
ResinTrap,757,7,4727,2412
ResinTrap,758,10,4764,2405
ResinTrap,759,58,4725,2413
ResinTrap,759,7,6961,1807
ResinTrap,760,7,4710,2361
ResinTrap,760,7,7141,1767
ResinTrap,761,27,7193,2860
ResinTrap,761,27,7140,1766
ResinTrap,761,7,2833,1746
ResinTrap,761,7,6959,1804
ResinTrap,762,7,7782,2017
ResinTrap,763,7,4749,2327
ResinTrap,764,36,6673,1842
ResinTrap,764,26,1432,3056
ResinTrap,765,72,4799,2394
ResinTrap,765,7,4574,1158
ResinTrap,767,13,4575,1156
ResinTrap,768,58,4769,2321
ResinTrap,768,7,3578,1536
ResinTrap,769,7,2828,1746
ResinTrap,769,7,4769,2322
ResinTrap,770,7,3585,1533
ResinTrap,771,7,6673,1851
ResinTrap,772,22,1526,2987
ResinTrap,772,13,3580,1533
ResinTrap,775,18,4721,2322
ResinTrap,776,97,6687,1825
ResinTrap,776,25,7577,1863
ResinTrap,778,7,4703,2419
ResinTrap,778,7,7110,1774
ResinTrap,779,17,7103,1772
ResinTrap,781,95,4700,2420
ResinTrap,781,7,1496,3014
ResinTrap,783,14,1483,2969
ResinTrap,785,22,1503,2957
ResinTrap,785,13,6686,1832
ResinTrap,785,7,1496,2968
ResinTrap,786,7,7275,2655
ResinTrap,787,10,4710,2380
ResinTrap,788,33,4681,2397
ResinTrap,790,37,4791,2396
ResinTrap,790,23,4730,2239
ResinTrap,790,10,2398,1918
ResinTrap,791,47,4722,2400
ResinTrap,793,89,4721,2400
ResinTrap,793,18,1543,2793
ResinTrap,795,7,6909,1815
ResinTrap,795,7,7628,1924
ResinTrap,796,7,6928,1826
ResinTrap,797,13,4877,2118
ResinTrap,797,10,6907,1811
ResinTrap,798,27,6707,1822
ResinTrap,799,9,7578,1817
ResinTrap,800,7,7631,1927
ResinTrap,804,7,7097,2727
ResinTrap,808,17,7187,2796
ResinTrap,813,7,7828,2632
ResinTrap,814,7,6976,1682
ResinTrap,815,7,6694,1805
ResinTrap,817,7,6695,1805
ResinTrap,820,7,6698,1808
ResinTrap,822,7,7070,2128
ResinTrap,823,13,7840,2633
ResinTrap,827,7,7847,2634
ResinTrap,828,7,7150,1761
ResinTrap,830,7,4707,2394
ResinTrap,832,23,3011,1016
ResinTrap,832,22,3400,627
ResinTrap,832,17,3400,822
ResinTrap,832,14,3595,627
ResinTrap,834,7,3195,1702
ResinTrap,834,7,7105,2496
ResinTrap,838,7,4730,2399
ResinTrap,842,7,4728,2400
ResinTrap,848,18,4943,2578
ResinTrap,851,7,4947,2586
ResinTrap,852,23,2631,1616
ResinTrap,852,7,4189,1014
ResinTrap,852,7,3595,1239
ResinTrap,853,19,4772,2555
ResinTrap,853,17,3031,1420
ResinTrap,853,7,4762,2567
ResinTrap,854,12,4752,2567
ResinTrap,854,7,7205,1650
ResinTrap,854,7,7201,1660
ResinTrap,855,10,7275,2598
ResinTrap,855,7,7276,2602
ResinTrap,856,13,7558,1799
ResinTrap,857,18,7560,1800
ResinTrap,857,10,3036,1410
ResinTrap,858,7,2827,1588
ResinTrap,859,13,4665,2420
ResinTrap,859,12,2621,1607
ResinTrap,860,7,4637,2261
ResinTrap,861,18,3401,1182
ResinTrap,861,7,3397,1182
ResinTrap,862,13,4636,2259
ResinTrap,862,7,6683,1830
ResinTrap,863,39,3785,1208
ResinTrap,863,34,7399,1666
ResinTrap,863,17,3020,1428
ResinTrap,865,25,4368,1016
ResinTrap,865,7,3787,984
ResinTrap,866,50,4667,2393
ResinTrap,866,27,4566,844
ResinTrap,866,10,4374,1018
ResinTrap,866,7,3414,1173
ResinTrap,866,7,3411,1175
ResinTrap,866,7,7414,1676
ResinTrap,867,32,4937,2191
ResinTrap,867,7,4667,2396
ResinTrap,867,7,4742,2579
ResinTrap,869,23,2620,1591
ResinTrap,869,13,3573,1233
ResinTrap,869,13,4737,2265
ResinTrap,869,10,3752,1009
ResinTrap,869,7,4772,829
ResinTrap,870,24,4737,2585
ResinTrap,870,7,4735,2592
ResinTrap,871,7,4551,2937
ResinTrap,872,31,4550,2932
ResinTrap,872,30,3210,1393
ResinTrap,872,7,3776,1218
ResinTrap,873,28,4008,1013
ResinTrap,873,9,5128,2397
ResinTrap,874,33,4567,831
ResinTrap,874,23,2601,1614
ResinTrap,874,12,4356,1024
ResinTrap,874,7,3604,1225
ResinTrap,875,7,3798,1217
ResinTrap,876,40,3399,1217
ResinTrap,877,28,4744,3129
ResinTrap,877,18,7062,2087
ResinTrap,878,33,4550,3125
ResinTrap,878,21,4549,2382
ResinTrap,878,10,4538,2936
ResinTrap,879,13,4919,2196
ResinTrap,879,7,4574,825
ResinTrap,879,7,4547,3123
ResinTrap,880,27,4932,2166
ResinTrap,880,7,4776,2589
ResinTrap,880,7,2865,1578
ResinTrap,881,35,4521,2945
ResinTrap,881,13,4753,3127
ResinTrap,882,42,4527,2970
ResinTrap,882,28,3974,1029
ResinTrap,882,17,2821,1406
ResinTrap,883,7,3980,1033
ResinTrap,886,44,4517,2978
ResinTrap,886,13,4536,2385
ResinTrap,887,7,7389,1692
ResinTrap,890,18,2832,1392
ResinTrap,890,12,4753,2981
ResinTrap,890,12,4919,2158
ResinTrap,890,7,7170,1628
ResinTrap,891,23,4536,811
ResinTrap,892,47,4535,811
ResinTrap,893,46,4576,3143
ResinTrap,893,7,4543,858
ResinTrap,894,12,4938,2155
ResinTrap,895,56,7239,2527
ResinTrap,897,14,7039,2475
ResinTrap,897,10,3971,1018
ResinTrap,897,7,4574,3151
ResinTrap,897,7,3970,1014
ResinTrap,898,10,4546,2900
ResinTrap,898,7,4756,2977
ResinTrap,899,7,4918,2376
ResinTrap,899,7,4544,2427
ResinTrap,900,24,3990,993
ResinTrap,900,17,1300,2943
ResinTrap,900,13,3990,989
ResinTrap,901,7,4052,1012
ResinTrap,902,27,3372,1201
ResinTrap,902,23,4048,1011
ResinTrap,902,13,4515,2957
ResinTrap,902,7,3216,1368
ResinTrap,904,18,3387,1234
ResinTrap,904,7,3217,1365
ResinTrap,906,7,4585,2958
ResinTrap,907,17,6620,1903
ResinTrap,907,7,4945,2370
ResinTrap,907,7,7036,2088
ResinTrap,907,7,7033,2090
ResinTrap,908,7,4571,795
ResinTrap,909,7,4543,823
ResinTrap,909,7,2638,1577
ResinTrap,909,7,4549,826
ResinTrap,910,13,4583,2952
ResinTrap,910,7,3408,1195
ResinTrap,911,18,3958,1007
ResinTrap,911,7,4546,825
ResinTrap,912,18,3378,1208
ResinTrap,912,18,4001,998
ResinTrap,912,7,3407,1199
ResinTrap,912,7,3999,997
ResinTrap,913,7,7238,2477
ResinTrap,915,50,4519,3150
ResinTrap,915,23,6618,1917
ResinTrap,916,7,7232,2484
ResinTrap,917,7,7618,1844
ResinTrap,918,77,2626,1385
ResinTrap,918,20,3026,1393
ResinTrap,918,18,4500,2899
ResinTrap,918,7,3193,1369
ResinTrap,919,18,4334,984
ResinTrap,919,7,7619,1843
ResinTrap,919,7,7228,2486
ResinTrap,920,10,4965,2780
ResinTrap,922,7,3189,1366
ResinTrap,922,7,3744,1177
ResinTrap,922,7,7081,2056
ResinTrap,922,7,3753,1180
ResinTrap,923,13,2802,1393
ResinTrap,923,7,4362,977
ResinTrap,924,54,4532,3137
ResinTrap,924,7,4364,970
ResinTrap,924,7,2854,1392
ResinTrap,925,7,3745,1177
ResinTrap,925,7,2862,1394
ResinTrap,926,20,2859,1393
ResinTrap,926,7,4363,972
ResinTrap,927,10,4499,3011
ResinTrap,927,10,7597,2254
ResinTrap,927,7,3441,1188
ResinTrap,928,10,4535,3130
ResinTrap,929,7,3440,1187
ResinTrap,930,7,7338,2385
ResinTrap,930,7,3813,1170
ResinTrap,930,7,7780,2072
ResinTrap,931,18,4513,834
ResinTrap,931,7,4515,833
ResinTrap,931,7,3724,1181
ResinTrap,931,7,4747,2619
ResinTrap,932,7,2612,1392
ResinTrap,933,7,3769,1007
ResinTrap,934,7,2635,1391
ResinTrap,935,23,4590,2935
ResinTrap,935,7,3718,1189
ResinTrap,935,7,7782,2078
ResinTrap,936,13,3719,1183
ResinTrap,937,7,2615,1390
ResinTrap,938,12,1707,2647
ResinTrap,938,7,7297,2410
ResinTrap,941,7,7285,2418
ResinTrap,942,279,6613,1926
ResinTrap,942,7,7280,2421
ResinTrap,944,16,6990,1716
ResinTrap,944,13,7271,2426
ResinTrap,945,17,4473,1439
ResinTrap,945,13,7264,2430
ResinTrap,947,21,1070,2834
ResinTrap,947,7,4521,3170
ResinTrap,947,7,7259,2435
ResinTrap,948,10,7590,2232
ResinTrap,948,7,7253,2438
ResinTrap,949,7,7250,2440
ResinTrap,950,7,4519,3168
ResinTrap,951,10,7591,2220
ResinTrap,953,40,6569,1906
ResinTrap,953,7,7112,2049
ResinTrap,954,1777,6570,1909
ResinTrap,954,10,7592,2210
ResinTrap,954,7,4611,3180
ResinTrap,956,7,4180,1522
ResinTrap,958,14,1452,3021
ResinTrap,960,30,4566,2943
ResinTrap,960,7,4771,3008
ResinTrap,962,7,4772,3009
ResinTrap,963,7,4176,1858
ResinTrap,964,7,7083,2236
ResinTrap,965,7,6610,1937
ResinTrap,965,7,4141,1598
ResinTrap,966,10,4618,3143
ResinTrap,967,20,4776,3012
ResinTrap,967,12,7141,2047
ResinTrap,968,7,4609,785
ResinTrap,968,7,4116,1686
ResinTrap,970,17,3780,997
ResinTrap,971,7,7126,2044
ResinTrap,972,7,3760,988
ResinTrap,974,7,3759,986
ResinTrap,975,12,1593,2787
ResinTrap,976,21,6585,1905
ResinTrap,976,9,7810,2414
ResinTrap,976,7,3758,984
ResinTrap,978,9,1108,2869
ResinTrap,980,7,3053,1338
ResinTrap,981,23,3049,1337
ResinTrap,982,7,4551,2958
ResinTrap,983,17,7757,2388
ResinTrap,983,7,7825,2388
ResinTrap,986,7,4790,1185
ResinTrap,988,53,7314,1708
ResinTrap,989,30,4532,779
ResinTrap,989,13,7828,2388
ResinTrap,991,10,6960,1761
ResinTrap,992,18,1300,2495
ResinTrap,992,17,7843,2350
ResinTrap,992,7,7842,2353
ResinTrap,993,22,7708,2329
ResinTrap,994,12,7386,2292
ResinTrap,994,12,1097,2777
ResinTrap,995,13,7312,1705
ResinTrap,996,23,6585,1884
ResinTrap,996,9,6598,1878
ResinTrap,1001,7,7216,1650
ResinTrap,1002,7,7111,2110
ResinTrap,1007,7,5012,2633
ResinTrap,1009,7,6961,1746
ResinTrap,1011,7,7731,2314
ResinTrap,1013,17,1561,2538
ResinTrap,1013,12,7156,2301
ResinTrap,1015,1379,7215,1724
ResinTrap,1017,97,7780,2234
ResinTrap,1017,9,4951,2502
ResinTrap,1017,7,6950,1785
ResinTrap,1018,7,7100,2142
ResinTrap,1022,23,6927,1793
ResinTrap,1023,7,7768,2254
ResinTrap,1024,30,7761,2257
ResinTrap,1027,7,7300,2318
ResinTrap,1028,12,1184,2905
ResinTrap,1029,7,7287,2313
ResinTrap,1032,25,7119,2198
ResinTrap,1034,92,7357,1705
ResinTrap,1035,12,7173,2262
ResinTrap,1036,14,7675,1963
ResinTrap,1036,12,7199,2281
ResinTrap,1037,12,7214,2290
ResinTrap,1047,22,1459,2542
ResinTrap,1052,7,7776,2215
ResinTrap,1052,7,7213,1774
ResinTrap,1054,17,7775,2218
ResinTrap,1054,7,3919,2013
ResinTrap,1056,7,3608,796
ResinTrap,1057,7,7777,2223
ResinTrap,1058,10,3603,797
ResinTrap,1061,10,3208,1176
ResinTrap,1062,12,3002,1211
ResinTrap,1062,7,4360,795
ResinTrap,1064,7,4361,798
ResinTrap,1066,23,3800,830
ResinTrap,1067,23,3584,839
ResinTrap,1068,7,3588,851
ResinTrap,1069,7,4373,641
ResinTrap,1069,7,3587,848
ResinTrap,1074,7,2994,1183
ResinTrap,1075,28,4085,1399
ResinTrap,1075,18,4078,1389
ResinTrap,1075,12,4082,1395
ResinTrap,1076,60,3030,1783
ResinTrap,1076,7,4066,1366
ResinTrap,1077,10,3202,1015
ResinTrap,1078,12,2820,1031
ResinTrap,1079,78,4076,1281
ResinTrap,1079,9,1429,2564
ResinTrap,1080,17,1601,2685
ResinTrap,1082,31,3611,827
ResinTrap,1085,10,4103,1250
ResinTrap,1085,7,2829,1047
ResinTrap,1085,7,2825,1038
ResinTrap,1087,48,3983,644
ResinTrap,1087,10,3956,667
ResinTrap,1088,7,2827,1043
ResinTrap,1089,17,3878,1790
ResinTrap,1089,9,3572,818
ResinTrap,1089,7,3880,1787
ResinTrap,1090,16,3194,1003
ResinTrap,1090,10,4176,659
ResinTrap,1091,7,4123,1229
ResinTrap,1092,18,1383,2975
ResinTrap,1093,7,3886,1762
ResinTrap,1094,13,3536,826
ResinTrap,1095,7,3573,823
ResinTrap,1096,16,2854,1018
ResinTrap,1096,7,3574,828
ResinTrap,1098,7,3611,817
ResinTrap,1104,7,3603,836
ResinTrap,1108,10,3967,653
ResinTrap,1108,7,4263,1325
ResinTrap,1109,12,4252,1302
ResinTrap,1111,18,1546,2694
ResinTrap,1111,9,4314,1387
ResinTrap,1113,7,7317,1707
ResinTrap,1119,9,1267,2903
ResinTrap,1121,7,3015,1174
ResinTrap,1123,13,3223,1001
ResinTrap,1123,12,1442,2929
ResinTrap,1123,7,3165,1158
ResinTrap,1124,18,4175,1199
ResinTrap,1125,7,3161,1156
ResinTrap,1128,7,4741,951
ResinTrap,1133,7,4503,1391
ResinTrap,1133,7,4498,1400
ResinTrap,1136,10,1510,2824
ResinTrap,1137,23,1304,2900
ResinTrap,1137,7,3379,990
ResinTrap,1137,7,2854,1029
ResinTrap,1139,22,1410,2912
ResinTrap,1139,12,1307,2877
ResinTrap,1139,7,4429,1237
ResinTrap,1139,7,3380,989
ResinTrap,1140,27,3381,988
ResinTrap,1141,20,7127,1785
ResinTrap,1142,24,7204,2010
ResinTrap,1142,22,1366,2696
ResinTrap,1142,7,4621,733
ResinTrap,1143,18,1355,2922
ResinTrap,1143,7,4354,1346
ResinTrap,1148,12,7597,2115
ResinTrap,1149,18,4496,1320
ResinTrap,1149,12,7619,2101
ResinTrap,1149,12,7612,2106
ResinTrap,1149,10,1397,2758
ResinTrap,1149,7,7616,2104
ResinTrap,1152,7,1497,2819
ResinTrap,1153,17,1337,2816
ResinTrap,1154,21,1365,2871
ResinTrap,1155,12,1372,2802
ResinTrap,1155,7,1395,2858
ResinTrap,1158,7,3587,800
ResinTrap,1159,7,7230,1842
ResinTrap,1160,17,7233,1829
ResinTrap,1160,7,3586,800
ResinTrap,1160,7,7235,1827
ResinTrap,1161,16,1401,2812
ResinTrap,1162,47,7430,1929
ResinTrap,1167,7,7404,1915
ResinTrap,1167,7,7399,1905
ResinTrap,1168,142,7403,1925
ResinTrap,1168,7,7405,1922
ResinTrap,1170,30,7391,1905
ResinTrap,1172,7,7398,1927
ResinTrap,1173,7,7394,1924
ResinTrap,1175,7,7386,1918
ResinTrap,1176,10,7383,1919
ResinTrap,1181,7,7415,2148
ResinTrap,1198,13,7330,1799
ResinTrap,1199,7,7331,1796
ResinTrap,1201,7,7328,1797
ResinTrap,1205,12,2830,1484
ResinTrap,1210,13,2813,1481
ResinTrap,1210,7,2810,1483
ResinTrap,1212,22,2830,1512
ResinTrap,1213,50,7486,2075
ResinTrap,1213,13,7503,2074
ResinTrap,1214,7,7449,2070
ResinTrap,1215,7,7461,2074
ResinTrap,1223,9,4523,3053
ResinTrap,1224,10,4543,3041
ResinTrap,1227,7,3859,1265
ResinTrap,1228,12,3870,1246
ResinTrap,1228,7,3873,1243
ResinTrap,1234,12,7312,1984
ResinTrap,1235,45,2830,1532
ResinTrap,1239,21,2823,1595
ResinTrap,1243,7,2843,1578
ResinTrap,1246,7,3396,820
ResinTrap,1281,7,2869,1630
ResinTrap,1316,9,2890,1741
ResinTrap,1318,23,2888,1726
ResinTrap,1349,7,3703,2158
SuctionCup,0,266957,7562,3234
SuctionCup,0,266957,6696,3234
SuctionCup,0,266957,7562,2234
SuctionCup,0,266955,7129,1984
SuctionCup,0,266955,7995,2484
SuctionCup,0,266953,6407,1901
SuctionCup,0,266952,7273,1901
SuctionCup,0,266952,6840,1651
SuctionCup,0,266952,7273,2901
SuctionCup,0,266952,7273,3401
SuctionCup,0,266952,6840,2651
SuctionCup,0,266950,6984,1734
SuctionCup,0,266950,7850,3234
SuctionCup,0,266950,7850,1734
SuctionCup,0,266950,7850,2234
SuctionCup,0,266948,6551,2984
SuctionCup,0,266947,7417,1484
SuctionCup,0,266947,7417,1984
SuctionCup,0,266923,900,2269
SuctionCup,0,266923,900,2769
SuctionCup,0,266922,1333,2519
SuctionCup,0,266908,6984,3234
SuctionCup,0,266907,7417,2151
SuctionCup,0,266907,2507,1073
SuctionCup,0,266907,3373,2073
SuctionCup,0,266907,7850,1901
SuctionCup,0,266907,6551,2651
SuctionCup,0,266907,6984,1401
SuctionCup,0,266907,2507,2073
SuctionCup,0,266907,2940,2823
SuctionCup,0,266907,3373,573
SuctionCup,0,266907,2074,1823
SuctionCup,0,266907,2507,2573
SuctionCup,0,266907,6551,2151
SuctionCup,0,266907,7850,2901
SuctionCup,0,266907,7417,1651
SuctionCup,0,266907,6984,1901
SuctionCup,0,266905,3806,2823
SuctionCup,0,266905,3806,1823
SuctionCup,0,266905,3806,823
SuctionCup,0,266905,5105,1073
SuctionCup,0,266903,4239,573
SuctionCup,0,266903,4239,3073
SuctionCup,0,266903,4239,1073
SuctionCup,0,266903,4239,1573
SuctionCup,0,266895,4672,2823
SuctionCup,0,266892,7562,2067
SuctionCup,0,266890,6696,2567
SuctionCup,0,266890,6696,2067
SuctionCup,0,266890,6696,3067
SuctionCup,0,266890,7995,2817
SuctionCup,0,266890,7995,2317
SuctionCup,0,266888,6263,1817
SuctionCup,0,266885,7850,2734
SuctionCup,0,266882,6840,2817
SuctionCup,0,266882,6407,2567
SuctionCup,0,266882,7273,3067
SuctionCup,0,266882,6407,2067
SuctionCup,0,266873,3950,406
SuctionCup,0,266873,3950,3406
SuctionCup,0,266873,4816,3406
SuctionCup,0,266873,2651,1656
SuctionCup,0,266873,4816,2906
SuctionCup,0,266873,4816,2406
SuctionCup,0,266873,2651,2656
SuctionCup,0,266873,2651,2156
SuctionCup,0,266873,4816,1406
SuctionCup,0,266873,3950,1906
SuctionCup,0,266873,4816,906
SuctionCup,0,266872,3517,656
SuctionCup,0,266872,4383,2656
SuctionCup,0,266872,5249,2656
SuctionCup,0,266872,3084,906
SuctionCup,0,266872,5249,2156
SuctionCup,0,266872,4383,656
SuctionCup,0,266872,5249,1656
SuctionCup,0,266872,3084,1406
SuctionCup,0,266872,4383,3156
SuctionCup,0,266872,4383,1656
SuctionCup,0,266868,900,2436
SuctionCup,0,266868,1333,2186
SuctionCup,0,266868,900,2936
SuctionCup,0,266858,3661,406
SuctionCup,0,266858,4094,656
SuctionCup,0,266858,2795,906
SuctionCup,0,266858,4960,1656
SuctionCup,0,266858,4960,656
SuctionCup,0,266858,4527,2406
SuctionCup,0,266858,3661,906
SuctionCup,0,266858,3228,3156
SuctionCup,0,266858,3228,1656
SuctionCup,0,266858,3661,1406
SuctionCup,0,266858,4527,906
SuctionCup,0,266858,3228,656
SuctionCup,0,266858,3228,2156
SuctionCup,0,266858,3228,2656
SuctionCup,0,266858,3661,3406
SuctionCup,0,266855,5105,2740
SuctionCup,0,266855,6840,1317
SuctionCup,0,266855,1045,2352
SuctionCup,0,266855,5105,2240
SuctionCup,0,266853,2074,1490
SuctionCup,0,266853,2507,2240
SuctionCup,0,266853,4816,406
SuctionCup,0,266853,2074,1990
SuctionCup,0,266853,3373,3240
SuctionCup,0,266853,5105,1740
SuctionCup,0,266853,2940,2990
SuctionCup,0,266853,3373,2740
SuctionCup,0,266853,2507,1240
SuctionCup,0,266853,2940,990
SuctionCup,0,266852,3806,490
SuctionCup,0,266852,3806,1990
SuctionCup,0,266852,3806,2990
SuctionCup,0,266852,3806,990
SuctionCup,0,266852,3806,1490
SuctionCup,0,266850,4672,490
SuctionCup,0,266850,4239,2740
SuctionCup,0,266850,4239,1240
SuctionCup,0,266850,4239,3240
SuctionCup,0,266850,4239,740
SuctionCup,0,266840,4672,2990
SuctionCup,0,266765,6263,1984
SuctionCup,0,266763,4094,1656
SuctionCup,0,266723,3373,1073
SuctionCup,0,266705,7562,3067
SuctionCup,0,266685,756,2852
SuctionCup,0,266663,3373,1240
SuctionCup,0,266662,1333,2686
SuctionCup,0,266662,6840,1817
SuctionCup,0,266658,6840,3317
SuctionCup,0,266578,3084,1906
SuctionCup,0,266564,3517,1656
SuctionCup,0,266491,6696,1734
SuctionCup,0,266381,7706,1484
SuctionCup,0,266381,7706,2484
SuctionCup,0,266379,6407,2734
SuctionCup,0,266379,7273,2734
SuctionCup,0,266379,7273,1734
SuctionCup,0,266379,6840,1484
SuctionCup,0,266379,6407,2234
SuctionCup,0,266379,6840,1984
SuctionCup,0,266379,6840,3484
SuctionCup,0,266379,7273,3234
SuctionCup,0,266376,4383,823
SuctionCup,0,266376,3084,1073
SuctionCup,0,266376,3084,2573
SuctionCup,0,266376,3517,2823
SuctionCup,0,266376,3517,3323
SuctionCup,0,266376,2651,823
SuctionCup,0,266376,5249,1823
SuctionCup,0,266376,3950,1073
SuctionCup,0,266376,4816,2573
SuctionCup,0,266376,4816,2073
SuctionCup,0,266376,3517,823
SuctionCup,0,266376,4383,2823
SuctionCup,0,266376,4816,573
SuctionCup,0,266376,4816,1073
SuctionCup,0,266376,3950,1573
SuctionCup,0,266376,4383,1823
SuctionCup,0,266376,3084,2073
SuctionCup,0,266376,2651,2323
SuctionCup,0,266376,5249,2823
SuctionCup,0,266376,3950,573
SuctionCup,0,266376,3084,3073
SuctionCup,0,266376,2651,1823
SuctionCup,0,266374,4960,490
SuctionCup,0,266374,4960,1990
SuctionCup,0,266374,4960,2990
SuctionCup,0,266372,4527,3240
SuctionCup,0,266372,4094,490
SuctionCup,0,266372,2795,2240
SuctionCup,0,266372,3228,490
SuctionCup,0,266372,2362,1490
SuctionCup,0,266372,4527,2240
SuctionCup,0,266372,2795,2740
SuctionCup,0,266372,3661,1240
SuctionCup,0,266372,2795,740
SuctionCup,0,266372,2362,1990
SuctionCup,0,266372,756,2519
SuctionCup,0,266372,1189,2769
SuctionCup,0,266372,2362,990
SuctionCup,0,266372,3661,3240
SuctionCup,0,266372,3228,2990
SuctionCup,0,266372,756,3019
SuctionCup,0,266372,3228,1990
SuctionCup,0,266372,3661,2740
SuctionCup,0,266372,3228,1490
SuctionCup,0,266372,1622,2519
SuctionCup,0,266372,2362,2490
SuctionCup,0,266369,1911,2519
SuctionCup,0,266369,1478,3269
SuctionCup,0,266369,1045,3519
SuctionCup,0,266369,1478,2769
SuctionCup,0,266357,4816,1573
SuctionCup,0,266357,4816,3073
SuctionCup,0,266349,1045,2186
SuctionCup,0,266347,1189,2602
SuctionCup,0,266346,4816,3240
SuctionCup,0,266346,4816,2240
SuctionCup,0,266346,5249,990
SuctionCup,0,266346,2651,990
SuctionCup,0,266346,4816,1240
SuctionCup,0,266344,3084,1240
SuctionCup,0,266344,2651,2490
SuctionCup,0,266344,3084,2240
SuctionCup,0,266344,2651,1490
SuctionCup,0,266344,3084,740
SuctionCup,0,266344,2651,1990
SuctionCup,0,266344,2218,1240
SuctionCup,0,266344,2218,2240
SuctionCup,0,266344,3950,740
SuctionCup,0,266342,4383,490
SuctionCup,0,266342,3517,490
SuctionCup,0,266342,4383,2990
SuctionCup,0,266342,4383,1490
SuctionCup,0,266332,2795,1240
SuctionCup,0,266329,2795,1073
SuctionCup,0,266329,4960,1823
SuctionCup,0,266329,3661,2073
SuctionCup,0,266329,3661,1073
SuctionCup,0,266329,4527,2573
SuctionCup,0,266329,3228,1823
SuctionCup,0,266329,4527,573
SuctionCup,0,266329,3228,823
SuctionCup,0,266329,4094,2823
SuctionCup,0,266329,4094,3323
SuctionCup,0,266329,4094,1823
SuctionCup,0,266329,3661,573
SuctionCup,0,266329,4960,3323
SuctionCup,0,266329,4960,2823
SuctionCup,0,266329,2795,2573
SuctionCup,0,266329,4094,1323
SuctionCup,0,266329,3228,2823
SuctionCup,0,266327,4816,740
SuctionCup,0,266326,4816,2740
SuctionCup,0,266322,756,2686
SuctionCup,0,266322,756,3186
SuctionCup,0,266322,1622,3186
SuctionCup,0,266322,1622,2686
SuctionCup,0,266322,1189,2436
SuctionCup,0,266322,1189,2936
SuctionCup,0,266322,1189,3436
SuctionCup,0,266317,7129,1484
SuctionCup,0,266296,7562,2401
SuctionCup,0,266296,7562,1901
SuctionCup,0,266296,7129,1651
SuctionCup,0,266294,7995,3151
SuctionCup,0,266294,6696,1901
SuctionCup,0,266292,7995,2651
SuctionCup,0,266292,6263,1651
SuctionCup,0,266292,6263,2151
SuctionCup,0,266274,2940,1823
SuctionCup,0,266266,4094,2990
SuctionCup,0,266265,7129,1317
SuctionCup,0,266252,6551,1817
SuctionCup,0,266252,6984,2567
SuctionCup,0,266252,7850,3067
SuctionCup,0,266252,7417,1317
SuctionCup,0,266252,7417,1817
SuctionCup,0,266252,7850,2067
SuctionCup,0,266252,7417,3317
SuctionCup,0,266252,7417,2817
SuctionCup,0,266240,1622,2352
SuctionCup,0,266221,6984,3067
SuctionCup,0,266192,2055,2769
SuctionCup,0,266161,6840,2984
SuctionCup,0,266159,2651,1323
SuctionCup,0,266151,4960,3156
SuctionCup,0,266137,2055,2936
SuctionCup,0,266080,6696,2901
SuctionCup,0,266068,3806,3323
SuctionCup,0,266063,7995,2984
SuctionCup,0,266062,3517,1823
SuctionCup,0,266061,4527,3406
SuctionCup,0,266022,3517,2990
SuctionCup,0,266012,7129,2651
SuctionCup,0,265985,7995,1817
SuctionCup,0,265930,6551,1484
SuctionCup,0,265884,3950,1240
SuctionCup,0,265877,2362,1656
SuctionCup,0,265866,3517,2323
SuctionCup,0,265859,1045,3352
SuctionCup,0,265858,6696,3401
SuctionCup,0,265709,1622,2186
SuctionCup,0,265706,2940,2490
SuctionCup,0,265672,5105,1240
SuctionCup,0,265660,1333,2853
SuctionCup,0,265660,1333,2353
SuctionCup,0,265660,1766,2603
SuctionCup,0,265660,1766,3103
SuctionCup,0,265638,2507,907
SuctionCup,0,265638,3806,3157
SuctionCup,0,265638,3373,907
SuctionCup,0,265638,2074,1657
SuctionCup,0,265638,2940,657
SuctionCup,0,265638,3806,657
SuctionCup,0,265638,2074,2157
SuctionCup,0,265638,3806,1657
SuctionCup,0,265638,2507,2407
SuctionCup,0,265637,4239,407
SuctionCup,0,265637,5105,2407
SuctionCup,0,265635,4672,3157
SuctionCup,0,265635,4239,3407
SuctionCup,0,265635,4239,1407
SuctionCup,0,265635,4239,907
SuctionCup,0,265635,4672,657
SuctionCup,0,265635,4672,2157
SuctionCup,0,265635,4672,1657
SuctionCup,0,265536,4527,1240
SuctionCup,0,265522,4527,1073
SuctionCup,0,265450,2507,1407
SuctionCup,0,265417,4960,2656
SuctionCup,0,265360,6840,3151
SuctionCup,0,265320,2362,1823
SuctionCup,0,265310,7417,2984
SuctionCup,0,265310,2651,1156
SuctionCup,0,265123,4383,2490
SuctionCup,0,265098,1478,3102
SuctionCup,0,265017,2940,1657
SuctionCup,0,265000,4960,1490
SuctionCup,0,264947,4960,823
SuctionCup,0,264922,7850,2567
SuctionCup,0,264777,3228,990
SuctionCup,0,264733,3228,1323
SuctionCup,0,264717,1911,2686
SuctionCup,0,264202,6984,3401
SuctionCup,0,264172,6551,2485
SuctionCup,0,264062,4960,2490
SuctionCup,0,263889,3373,2573
SuctionCup,0,263828,7850,2401
SuctionCup,0,263797,4239,1740
SuctionCup,0,263783,3661,1906
SuctionCup,0,263323,3661,740
SuctionCup,0,263273,3661,1573
SuctionCup,0,263258,7850,1567
SuctionCup,0,263212,3661,3073
SuctionCup,0,263082,7562,2567
SuctionCup,0,262746,1622,3019
SuctionCup,0,262607,4239,2907
SuctionCup,0,262511,1911,3020
SuctionCup,0,261997,7418,3151
SuctionCup,0,261959,3229,1156
SuctionCup,0,261897,3806,1323
SuctionCup,0,261844,2218,1406
SuctionCup,0,261767,1766,2269
SuctionCup,0,261557,3517,3156
SuctionCup,0,261322,7995,2151
SuctionCup,0,260422,6407,2401
SuctionCup,0,260192,3084,573
SuctionCup,0,260100,3950,2073
SuctionCup,0,259707,4384,1156
SuctionCup,0,259469,2055,2602
SuctionCup,0,259443,6840,2151
SuctionCup,0,259312,3661,2906
SuctionCup,0,259281,4960,2156
SuctionCup,0,259192,3084,1573
SuctionCup,0,259003,7273,1567
SuctionCup,0,258981,1189,2102
SuctionCup,0,258947,1766,2436
SuctionCup,0,258832,3661,1740
SuctionCup,0,258642,7273,1234
SuctionCup,0,258580,3084,2740
SuctionCup,0,257372,4527,1740
SuctionCup,0,256711,7998,1984
SuctionCup,0,256483,7129,2317
SuctionCup,0,255722,4383,3323
SuctionCup,0,255534,4383,1323
SuctionCup,0,255495,4383,990
SuctionCup,0,255437,3809,1157
SuctionCup,0,254609,2218,2073
SuctionCup,0,254566,6696,2734
SuctionCup,0,254372,5249,1990
SuctionCup,0,254310,4239,1907
SuctionCup,0,254270,5249,1490
SuctionCup,0,254258,5249,823
SuctionCup,0,254250,4094,2656
SuctionCup,0,254153,4672,1990
SuctionCup,0,253740,2940,2657
SuctionCup,0,253328,7273,1401
SuctionCup,0,253217,3084,2906
SuctionCup,0,253097,4672,823
SuctionCup,0,252727,1189,3269
SuctionCup,0,252635,3084,1740
SuctionCup,0,252537,2507,1573
SuctionCup,0,252508,6696,1567
SuctionCup,0,252444,6551,2817
SuctionCup,0,252338,6407,1734
SuctionCup,0,252040,2507,1740
SuctionCup,0,251723,900,2603
SuctionCup,0,251658,900,3103
SuctionCup,0,251546,2507,1907
SuctionCup,0,251460,1478,2602
SuctionCup,0,251428,7129,2484
SuctionCup,0,251257,4960,990
SuctionCup,0,250462,7562,2901
SuctionCup,0,250277,4672,1490
SuctionCup,0,249391,4672,2657
SuctionCup,0,249054,3517,1490
SuctionCup,0,248800,4960,1323
SuctionCup,0,248649,3517,1990
SuctionCup,0,248307,6984,2901
SuctionCup,0,248165,2795,1406
SuctionCup,0,248051,2795,2073
SuctionCup,0,247118,1189,3102
SuctionCup,0,246647,3373,1407
SuctionCup,0,246255,4094,3156
SuctionCup,0,246018,4094,1490
SuctionCup,0,245877,4094,823
SuctionCup,0,245775,7706,2317
SuctionCup,0,245281,6696,1401
SuctionCup,0,244626,1189,2269
SuctionCup,0,244471,7562,1734
SuctionCup,0,244296,3084,2406
SuctionCup,0,244292,3950,2406
SuctionCup,0,242623,7706,1651
SuctionCup,0,242611,7129,2819
SuctionCup,0,241342,3950,906
SuctionCup,0,241220,3950,1407
SuctionCup,0,240943,4966,1156
SuctionCup,0,240888,3950,3240
SuctionCup,0,240422,4966,2323
SuctionCup,0,239849,2940,1490
SuctionCup,0,239782,2940,1991
SuctionCup,0,239755,2940,825
SuctionCup,0,238770,4527,1408
SuctionCup,0,237720,6551,1654
SuctionCup,0,237609,1045,3186
SuctionCup,0,237188,1045,2522
SuctionCup,0,237107,5105,2073
SuctionCup,0,236901,5105,2577
SuctionCup,0,235918,5105,907
SuctionCup,0,235772,5105,1410
SuctionCup,323,6071,1864,2789
SuctionCup,467,568504,4184,2052
SuctionCup,722,7350,4737,2342
SuctionCup,824,43761,7014,2101
SuctionCup,1096,274150,4269,1068
SuctionCup,1266,473765,3507,1176
SuctionCup,1313,205747,3173,1268
SuctionCup,1368,959380,3385,1013
