Island,255,70,5958,1867
Island,266,136,1394,2935
Island,275,73,6177,1799
Island,300,167,5974,1928
Island,399,389,5764,1394
Island,448,47,1578,3168
Island,449,47,1510,3227
Island,461,1,1667,3017
Island,463,588,1657,3099
Island,465,178,1277,2948
Island,468,91,1311,2951
Island,470,1,1301,2998
Island,488,1,1444,3049
Island,489,1,1438,3055
Island,492,99,1922,2392
Island,501,78,1628,3261
Island,511,1,1730,3142
Island,512,2,1883,2939
Island,512,1,1758,3109
Island,512,1,1759,3108
Island,519,1,1737,3027
Island,525,1,2006,2800
Island,530,1,1847,2948
Island,532,11,1967,2767
Island,535,36,2263,3562
Island,539,244,1749,3212
Island,545,1,1701,3317
Island,552,76,1706,3336
Island,553,1,1754,3161
Island,555,68,2315,3488
Island,575,1,1744,2746
Island,577,1,1810,3205
Island,578,2,1811,3208
Island,588,23,1247,3443
Island,588,1,1246,3457
Island,588,1,1254,3441
Island,592,774,2150,3104
Island,604,1,1588,3385
Island,605,1,1825,2854
Island,606,2,1863,2840
Island,615,46,1478,2853
Island,616,2,1827,2691
Island,617,1,1443,2881
Island,624,116,1698,2727
Island,625,19,2023,2741
Island,625,13,1331,3598
Island,626,2,1337,3596
Island,628,4,2115,3562
Island,628,1,2114,3561
Island,631,68,2019,2692
Island,644,20,5767,2730
Island,647,1,2114,3456
Island,663,1,6022,2793
Island,663,1,6023,2792
Island,663,1,6024,2791
Island,671,42,1752,2838
Island,673,100,1763,2849
Island,680,1,2051,2611
Island,684,1,2047,2607
Island,697,41,2018,2614
Island,714,1,1624,3875
Island,715,86,1981,3095
Island,715,1,1619,3869
Island,725,32,1641,3858
Island,731,1,1543,3551
Island,733,1,1552,3528
Island,737,146,1574,3749
Island,741,309,1594,3716
Island,741,48,1582,3709
Island,742,319,4137,1466
Island,742,1,1690,3854
Island,749,197,1621,3702
Island,749,5,1664,3746
Island,749,4,1657,3746
Island,771,1,1605,3539
Island,773,1,1615,3531
Island,776,1,1617,3528
Island,777,3,1742,3763
Island,777,2,1740,3762
Island,777,2,1597,3523
Island,777,1,1596,3525
Island,778,29,5622,1081
Island,778,6,1735,3759
Island,778,1,1740,3761
Island,779,468,5610,1081
Island,780,1,1613,3529
Island,786,408,4386,3045
Island,803,245,4961,2725
Island,832,323,5330,1081
Island,867,2,1958,3574
Island,876,323,4606,2427
Island,888,297,3807,2860
Island,892,1,5593,1124
Island,897,3,4821,2720
Island,955,194,3354,2120
Island,963,501,5740,1494
Island,975,180,6908,3196
Island,995,161,1753,3644
Island,995,151,5418,2244
Island,1005,894,3508,1527
Island,1020,798,3793,1365
Island,1030,603,4095,1250
Island,1030,4,4085,1280
Island,1070,721,5794,2306
Island,1105,105,5492,2927
Island,1110,10,4670,1253
Island,1110,4,4658,1372
Island,1112,7,5488,2908
Island,1117,42,5459,2904
Island,1123,50,5531,2977
Island,1136,337,7464,1846
Island,1137,21,5506,2788
Island,1142,2,7307,1750
Island,1143,1,7310,1748
Island,1143,1,7312,1747
Island,1146,289,6693,1220
Island,1150,14,6482,1394
Island,1152,251,6451,1417
Island,1165,35,4751,1540
Island,1173,1,5547,2840
Island,1179,258,3610,1273
Island,1181,7,5457,2829
Island,1182,31,3622,3318
Island,1183,38,5558,2845
Island,1188,50,7508,1471
Island,1197,473,6334,1867
Island,1197,17,5573,2860
Island,1200,179,6826,3213
Island,1214,11,4806,1709
Island,1235,8,3595,3198
Island,1252,61,3875,3220
Island,1265,70,6182,2737
Island,1268,26,6218,2742
Island,1269,287,4854,1884
Island,1269,98,6162,2733
Island,1270,37,4982,1792
Island,1276,32,3686,3179
Island,1276,1,3966,3302
Island,1280,2,5496,2800
Island,1284,95,6156,2801
Island,1286,8,6097,2990
Island,1287,279,6085,2975
Island,1289,36,7486,1994
Island,1294,8,6124,2837
Island,1296,7,6015,3058
Island,1299,1,5939,2979
Island,1303,1,6029,2882
Island,1310,7,5925,3019
Island,1310,2,5930,3022
Island,1310,1,5933,3024
Island,1310,1,5932,3023
Island,1310,1,5924,3018
Island,1332,1,5890,2878
Island,1338,1,5888,3058
Island,1338,1,5886,3057
Island,1339,191,5877,3050
Island,1343,246,6068,2227
Island,1346,762,4883,1369
Island,1356,448,5086,2171
Island,1361,2,5820,2863
Island,1364,49,5365,2926
Island,1369,49,5281,3028
Island,1371,84,5198,2908
Island,1371,2,5274,3004
Island,1371,1,5197,2928
Island,1372,103,5302,2870
Island,1372,55,5306,2856
Island,1373,24,5349,2909
Island,1373,3,5346,2916
Island,1373,1,5363,2908
Island,1373,1,5365,2907
Island,1380,1,5215,3023
Island,1380,1,5216,3022
Island,1381,145,5155,2925
Island,1381,1,5172,2924
Island,1386,274,5181,2868
Island,1390,259,5128,2905
Island,1392,2,5178,3055
Island,1392,1,5177,3054
Island,1394,384,4704,1182
Island,1408,58,5173,2812
Island,1416,59,5107,2863
Island,1425,72,4500,1140
Island,1426,175,5070,2866
Island,1435,110,4905,2962
Island,1442,77,4959,2945
Island,1442,66,4988,3038
Island,1449,1,5232,2716
Island,1451,1,5221,2724
Island,1452,1,5217,2727
Island,1454,4,4986,2821
Island,1454,1,5212,2732
Island,1455,64,4980,2818
Island,1456,6,4973,2874
Island,1459,1,4878,2838
Island,1461,410,4968,2895
Island,1462,54,4947,2863
Island,1464,10,5080,1500
Island,1465,107,4932,2852
Island,1470,107,5183,1546
Island,1472,29,7065,1536
Island,1485,1,5693,3090
Island,1485,1,5694,3087
Island,1533,7,6170,3093
Island,1542,354,7326,1583
Island,1543,4,6124,2827
Island,1544,70,6115,2826
Island,1546,2,6192,2862
Island,1552,69,5065,3059
Island,1558,17,5088,2792
Island,1569,15,6239,2824
Island,1572,24,6206,2915
Island,1573,57,6211,2989
Island,1584,7,5043,2746
Island,1592,15,5052,2897
Island,1605,54,6917,1429
Island,1610,78,5008,2806
Island,1619,25,6263,2781
Island,1621,9,6258,2968
Island,1630,158,6895,1408
Island,1631,19,6257,2751
Island,1635,41,6279,2783
Island,1638,24,5036,2949
Island,1643,47,5015,2760
Island,1643,13,5052,2964
Island,1645,23,6294,2983
Island,1652,3,5026,2732
Island,1653,24,5024,2731
Island,1660,1,6322,2836
Island,1661,20,5007,2763
Island,1664,22,6368,2058
Island,1670,36,6251,2004
Island,1672,24,4911,1281
Island,1676,61,5003,2959
Island,1696,58,6657,1319
Island,1699,36,5030,1604
Island,1699,9,5085,2208
Island,1701,47,4694,1326
Island,1702,7,4851,1683
Island,1717,27,6313,2736
Island,1725,1,6721,1233
Island,1726,151,6234,1821
Island,1728,45,4892,1806
Island,1730,75,4944,1925
Island,1730,1,5574,2997
Island,1741,9,6360,2730
Island,1749,25,5117,1455
Island,1750,3,5014,2702
Island,1751,36,5011,2702
Island,1764,1,5874,3059
Island,1772,1,6524,1201
Island,1779,3,4934,2347
Island,1782,28,5136,1687
Island,1790,1,5828,3077
Island,1790,1,5829,3075
Island,1790,1,5830,3073
Island,1790,1,5831,3071
Island,1795,1,6285,2696
Island,1802,153,5775,3083
Island,1802,3,5800,3078
Island,1804,7,5750,3075
Island,1812,6,5674,3042
Island,1812,1,5678,3045
Island,1813,40,5673,3036
Island,1817,1,5701,3052
Island,1819,10,5169,1755
Island,1820,22,4933,2819
Island,1829,18,6269,2657
Island,1832,1,6267,2451
Island,1832,1,6269,2450
Island,1832,1,6271,2449
Island,1839,99,4522,1269
Island,1843,7,5256,2709
Island,1850,3,5254,2608
Island,1850,1,5266,2704
Island,1851,23,5253,2607
Island,1855,35,4507,1332
Island,1870,1,5265,2753
Island,1871,20,5263,2751
Island,1878,2,5316,2871
Island,1878,1,5315,2872
Island,1894,23,5252,2654
Island,1905,158,7233,2806
Island,1913,11,5292,2574
Island,1915,3,6232,2373
Island,1916,29,6231,2373
Island,1919,42,5815,1990
Island,1919,15,5712,2726
Island,1926,829,5652,1353
Island,1930,1,5588,2543
Island,1930,1,5589,2542
Island,1931,67,4471,1419
Island,1931,32,5586,2539
Island,1936,1,6134,2370
Island,1948,52,4393,1345
Island,1968,180,5645,1611
Island,1968,18,5953,2708
Island,1969,181,5675,1752
Island,1986,5,5832,2699
Island,1989,1,5383,2505
Island,1994,29,5461,2495
Island,1998,10,5359,2519
Island,2004,490,7408,3211
Island,2005,4,5485,2504
Island,2007,54,6305,2391
Island,2035,6,6987,1403
Island,2035,1,6986,1406
Island,2036,1215,6717,1194
Island,2036,996,6683,1184
Island,2038,19,6210,2395
Island,2039,1681,6885,1316
Island,2039,263,7580,3305
Island,2099,56,5354,2538
Island,2105,26,5462,2526
Island,2169,16,7738,2896
Island,2172,43,7722,2943
Island,2203,104,7459,2867
Island,2203,51,7426,2848
Island,2228,68,4278,1471
Island,2232,11,7753,2961
Island,2233,302,7741,2952
Island,2252,141,7603,2911
Island,2257,39,7465,2921
Island,2323,137,4108,1885
Island,2378,22,4090,1589
ResinTrap,15,14,2293,2893
ResinTrap,15,14,2293,2393
ResinTrap,15,14,2293,3393
ResinTrap,15,12,4112,2204
ResinTrap,15,12,4612,2204
ResinTrap,15,12,5862,954
ResinTrap,15,12,6612,2204
ResinTrap,15,12,4112,1204
ResinTrap,15,12,3362,2454
ResinTrap,15,12,4612,1204
ResinTrap,15,12,5112,1204
ResinTrap,15,12,3862,2454
ResinTrap,15,12,5612,1204
ResinTrap,15,12,4362,2454
ResinTrap,15,12,3362,1454
ResinTrap,15,12,4862,2454
ResinTrap,15,12,6862,2454
ResinTrap,15,12,3862,1454
ResinTrap,15,12,7362,2454
ResinTrap,15,12,4362,1454
ResinTrap,15,12,6112,2704
ResinTrap,15,12,4862,1454
ResinTrap,15,12,6612,2704
ResinTrap,15,12,3862,954
ResinTrap,15,12,5362,1454
ResinTrap,15,12,3862,2954
ResinTrap,15,12,4362,954
ResinTrap,15,12,6862,1454
ResinTrap,15,12,4362,2954
ResinTrap,15,12,5362,954
ResinTrap,15,12,7862,1454
ResinTrap,15,12,3362,1954
ResinTrap,15,12,4112,1704
ResinTrap,15,12,4862,2954
ResinTrap,15,12,4612,1704
ResinTrap,15,12,3862,1954
ResinTrap,15,12,6112,2954
ResinTrap,15,12,4362,1954
ResinTrap,15,12,6362,2954
ResinTrap,15,12,6862,2954
ResinTrap,15,12,4862,1954
ResinTrap,15,12,7362,2954
ResinTrap,15,12,5362,1954
ResinTrap,15,12,4112,3204
ResinTrap,15,12,6862,1954
ResinTrap,15,12,6112,3204
ResinTrap,15,12,6612,3204
ResinTrap,15,12,7362,1954
ResinTrap,15,12,3862,3454
ResinTrap,15,12,4362,3454
ResinTrap,15,12,4862,3454
ResinTrap,15,12,6362,3454
ResinTrap,15,12,6862,3454
ResinTrap,15,12,7362,3454
ResinTrap,16,27,2282,3395
ResinTrap,16,27,2282,2895
ResinTrap,16,27,2282,2395
ResinTrap,16,27,2282,3895
ResinTrap,16,9,1032,3646
ResinTrap,16,9,1032,3146
ResinTrap,67,7,1309,2992
ResinTrap,109,17,1307,2968
ResinTrap,165,12,4862,1454
ResinTrap,165,12,5112,1454
ResinTrap,165,12,4362,2704
ResinTrap,165,12,4862,2704
ResinTrap,165,12,3362,1704
ResinTrap,165,12,6112,2704
ResinTrap,165,12,3862,1704
ResinTrap,165,12,5612,954
ResinTrap,165,12,6362,2704
ResinTrap,165,12,4612,1704
ResinTrap,165,12,4862,1204
ResinTrap,165,12,3112,2454
ResinTrap,165,12,6862,2704
ResinTrap,165,12,4862,1704
ResinTrap,165,12,3612,1454
ResinTrap,165,12,4612,2454
ResinTrap,165,12,3612,2454
ResinTrap,165,12,3612,954
ResinTrap,165,12,5362,1704
ResinTrap,165,12,4862,2454
ResinTrap,165,12,3862,1454
ResinTrap,165,12,4112,954
ResinTrap,165,12,3612,2954
ResinTrap,165,12,4112,2454
ResinTrap,165,12,7362,1704
ResinTrap,165,12,3612,1954
ResinTrap,165,12,4612,954
ResinTrap,165,12,5112,2454
ResinTrap,165,12,4112,2954
ResinTrap,165,12,3862,1954
ResinTrap,165,12,3362,2204
ResinTrap,165,12,3862,2204
ResinTrap,165,12,6612,2454
ResinTrap,165,12,4362,2454
ResinTrap,165,12,4612,2954
ResinTrap,165,12,6362,2954
ResinTrap,165,12,3862,3204
ResinTrap,165,12,4612,1954
ResinTrap,165,12,3862,2704
ResinTrap,165,12,6112,2954
ResinTrap,165,12,4862,1954
ResinTrap,165,12,4362,3204
ResinTrap,165,12,6862,2454
ResinTrap,165,12,4112,2204
ResinTrap,165,12,4362,3454
ResinTrap,165,12,5112,1954
ResinTrap,165,12,7112,2454
ResinTrap,165,12,4862,3204
ResinTrap,165,12,6862,2954
ResinTrap,165,12,7112,1954
ResinTrap,165,12,6612,3454
ResinTrap,165,12,4862,2204
ResinTrap,165,12,6862,3704
ResinTrap,165,12,6112,3204
ResinTrap,165,12,6862,3454
ResinTrap,165,12,5362,2204
ResinTrap,165,12,7112,3454
ResinTrap,165,12,6862,2204
ResinTrap,165,12,7112,2954
ResinTrap,165,12,7612,1954
ResinTrap,165,12,6362,3204
ResinTrap,165,12,7362,2204
ResinTrap,165,12,3362,2704
ResinTrap,165,12,3862,3704
ResinTrap,165,12,6862,3204
ResinTrap,165,12,4112,3454
ResinTrap,168,23,6616,1948
ResinTrap,170,14,5600,1465
ResinTrap,171,18,6377,2219
ResinTrap,173,7,5614,1469
ResinTrap,174,7,5846,2208
ResinTrap,175,13,5594,1447
ResinTrap,178,18,5851,2929
ResinTrap,179,17,6137,2448
ResinTrap,181,18,1292,2670
ResinTrap,185,7,5827,1211
ResinTrap,191,10,5614,1410
ResinTrap,191,10,5619,1409
ResinTrap,200,7,5879,1237
ResinTrap,207,10,5900,1230
ResinTrap,207,7,5900,2206
ResinTrap,208,7,5909,2209
ResinTrap,209,7,5889,1265
ResinTrap,210,13,5866,2281
ResinTrap,210,10,5871,2282
ResinTrap,214,13,5859,1249
ResinTrap,218,18,1307,2988
ResinTrap,219,7,6105,1216
ResinTrap,232,7,1309,2992
ResinTrap,239,7,5901,2265
ResinTrap,240,27,5899,2262
ResinTrap,240,9,5975,2156
ResinTrap,240,7,6085,1213
ResinTrap,241,10,5904,2274
ResinTrap,242,7,5836,1284
ResinTrap,243,7,6079,1211
ResinTrap,245,7,5841,1248
ResinTrap,248,10,6021,2024
ResinTrap,253,10,5957,1722
ResinTrap,256,45,1307,2966
ResinTrap,257,7,6139,1950
ResinTrap,257,7,1304,2656
ResinTrap,261,7,6082,1252
ResinTrap,263,7,1548,3010
ResinTrap,267,7,6334,2172
ResinTrap,273,7,1368,2982
ResinTrap,282,7,1624,2911
ResinTrap,282,7,1631,2911
ResinTrap,282,7,5472,2863
ResinTrap,292,7,6279,2179
ResinTrap,294,7,6288,2184
ResinTrap,296,18,6282,2181
ResinTrap,301,7,6022,2131
ResinTrap,312,7,1646,2905
ResinTrap,314,7,5532,2778
ResinTrap,315,12,3862,954
ResinTrap,315,12,6862,1454
ResinTrap,315,12,5112,1704
ResinTrap,315,12,3862,1954
ResinTrap,315,12,6862,954
ResinTrap,315,12,4112,1204
ResinTrap,315,12,7112,1704
ResinTrap,315,12,7362,1454
ResinTrap,315,12,3612,1204
ResinTrap,315,12,5112,1204
ResinTrap,315,12,4612,2954
ResinTrap,315,12,4862,1954
ResinTrap,315,12,7612,1704
ResinTrap,315,12,7862,1454
ResinTrap,315,12,3612,2704
ResinTrap,315,12,3362,2454
ResinTrap,315,12,3612,2204
ResinTrap,315,12,3362,1454
ResinTrap,315,12,7362,2954
ResinTrap,315,12,3362,1954
ResinTrap,315,12,5362,1954
ResinTrap,315,12,4112,2204
ResinTrap,315,12,3862,2454
ResinTrap,315,12,3862,1454
ResinTrap,315,12,4112,2704
ResinTrap,315,12,7362,2454
ResinTrap,315,12,3112,1704
ResinTrap,315,12,7362,1954
ResinTrap,315,12,3612,3204
ResinTrap,315,12,6862,1954
ResinTrap,315,12,7862,2954
ResinTrap,315,12,4612,2704
ResinTrap,315,12,5112,2204
ResinTrap,315,12,3612,1704
ResinTrap,315,12,3862,3454
ResinTrap,315,12,4112,3204
ResinTrap,315,12,7362,3454
ResinTrap,315,12,7112,2704
ResinTrap,315,12,4112,3704
ResinTrap,315,12,7112,2204
ResinTrap,315,12,7862,1954
ResinTrap,315,12,3612,2954
ResinTrap,315,12,3112,2204
ResinTrap,315,12,7612,2204
ResinTrap,315,12,4612,1704
ResinTrap,315,12,6612,3704
ResinTrap,315,12,4362,3454
ResinTrap,315,12,3612,3704
ResinTrap,315,12,7112,3204
ResinTrap,320,37,5860,1229
ResinTrap,320,12,5873,943
ResinTrap,322,13,1559,3877
ResinTrap,322,7,1558,3882
ResinTrap,322,7,1561,3874
ResinTrap,325,7,2019,3135
ResinTrap,325,7,2062,3134
ResinTrap,326,7,5882,957
ResinTrap,327,7,2279,2667
ResinTrap,328,16,1316,3632
ResinTrap,328,7,2071,2903
ResinTrap,328,7,1320,3627
ResinTrap,329,22,1269,2893
ResinTrap,329,7,5835,966
ResinTrap,330,17,1319,3640
ResinTrap,330,7,5853,2927
ResinTrap,331,7,2073,2896
ResinTrap,331,7,6158,1397
ResinTrap,337,17,1532,3931
ResinTrap,337,7,1537,3930
ResinTrap,339,7,1494,3881
ResinTrap,339,7,1799,2643
ResinTrap,341,21,1762,2616
ResinTrap,341,18,6130,2442
ResinTrap,341,7,6127,2440
ResinTrap,343,9,1573,3127
ResinTrap,343,7,1302,3584
ResinTrap,345,31,5831,2969
ResinTrap,345,13,2233,2646
ResinTrap,345,7,2288,3585
ResinTrap,346,7,1747,2614
ResinTrap,348,7,1801,2616
ResinTrap,349,27,1784,3200
ResinTrap,349,17,1556,3149
ResinTrap,349,13,1854,3148
ResinTrap,350,20,1270,2924
ResinTrap,353,25,1793,3207
ResinTrap,353,22,1806,3120
ResinTrap,353,13,1800,3210
ResinTrap,353,7,1293,2901
ResinTrap,354,39,1747,2655
ResinTrap,354,27,1789,2384
ResinTrap,354,7,1779,3212
ResinTrap,355,13,1789,2393
ResinTrap,355,7,1788,2398
ResinTrap,355,7,1775,3215
ResinTrap,355,7,5847,3027
ResinTrap,356,13,1298,3214
ResinTrap,356,7,5846,2980
ResinTrap,357,17,5603,1208
ResinTrap,357,10,1569,3108
ResinTrap,357,7,1528,3394
ResinTrap,358,30,1771,2613
ResinTrap,358,7,1755,2652
ResinTrap,359,13,1572,3138
ResinTrap,359,13,2016,2857
ResinTrap,361,44,1823,2391
ResinTrap,361,31,1772,3143
ResinTrap,362,41,1750,2409
ResinTrap,362,7,1793,2679
ResinTrap,363,39,1791,2674
ResinTrap,366,13,1790,2415
ResinTrap,366,7,1814,3129
ResinTrap,366,7,1815,3132
ResinTrap,366,7,1789,2412
ResinTrap,367,25,1826,3106
ResinTrap,367,7,1744,2402
ResinTrap,368,48,1758,3099
ResinTrap,368,7,1785,2687
ResinTrap,368,7,1728,3088
ResinTrap,368,7,1731,3087
ResinTrap,369,40,1772,3189
ResinTrap,369,7,1299,2861
ResinTrap,369,7,1300,2858
ResinTrap,371,26,1519,3872
ResinTrap,371,7,1765,3097
ResinTrap,372,12,1812,3153
ResinTrap,372,7,1835,2411
ResinTrap,373,20,1742,2713
ResinTrap,373,17,1781,3156
ResinTrap,373,13,1998,2827
ResinTrap,373,13,1834,2408
ResinTrap,374,27,1536,3381
ResinTrap,374,13,1735,3050
ResinTrap,374,13,2000,2832
ResinTrap,374,10,1545,3380
ResinTrap,375,13,2029,2840
ResinTrap,375,7,2024,2843
ResinTrap,376,37,2027,2838
ResinTrap,376,27,1502,3350
ResinTrap,376,25,1816,3140
ResinTrap,377,17,1776,3211
ResinTrap,377,7,1774,3091
ResinTrap,377,7,1774,3205
ResinTrap,377,7,1775,3208
ResinTrap,377,7,1775,3135
ResinTrap,378,7,1294,2866
ResinTrap,379,13,2021,2878
ResinTrap,379,13,2019,2883
ResinTrap,379,12,1779,3184
ResinTrap,379,7,2023,2876
ResinTrap,380,38,1762,2652
ResinTrap,380,28,1980,2857
ResinTrap,380,13,5827,2942
ResinTrap,381,28,1503,3848
ResinTrap,381,20,1843,2674
ResinTrap,381,13,1848,2676
ResinTrap,381,13,1755,3197
ResinTrap,381,12,6013,2364
ResinTrap,381,7,5576,1198
ResinTrap,382,30,2019,2865
ResinTrap,382,7,2017,2860
ResinTrap,382,7,1985,2855
ResinTrap,383,45,2277,3600
ResinTrap,383,23,1507,3832
ResinTrap,383,10,1988,2853
ResinTrap,383,7,1587,3069
ResinTrap,383,7,1506,3840
ResinTrap,384,13,1311,2934
ResinTrap,384,7,1313,2939
ResinTrap,385,25,1309,2929
ResinTrap,386,13,1843,2588
ResinTrap,386,13,1509,3858
ResinTrap,387,7,1367,2972
ResinTrap,387,7,1306,3204
ResinTrap,388,33,1803,2719
ResinTrap,388,20,1368,2969
ResinTrap,388,7,1371,2963
ResinTrap,388,7,1806,2727
ResinTrap,388,7,1370,2966
ResinTrap,389,78,1288,3603
ResinTrap,389,7,1803,2719
ResinTrap,390,20,1644,2904
ResinTrap,390,7,1722,2763
ResinTrap,391,48,1283,3147
ResinTrap,391,27,1723,2758
ResinTrap,391,20,1286,3608
ResinTrap,391,10,1721,3044
ResinTrap,391,7,1841,3174
ResinTrap,391,7,5840,3040
ResinTrap,391,7,1282,3611
ResinTrap,391,7,1720,3048
ResinTrap,391,7,1755,2414
ResinTrap,391,7,1509,3358
ResinTrap,392,25,1837,3172
ResinTrap,392,23,1718,3047
ResinTrap,392,13,1758,2412
ResinTrap,392,13,1510,3361
ResinTrap,392,13,1832,3170
ResinTrap,393,7,1725,2755
ResinTrap,394,53,2250,3609
ResinTrap,395,30,1300,3606
ResinTrap,395,25,1305,3608
ResinTrap,395,13,2290,3598
ResinTrap,396,20,1703,2733
ResinTrap,396,13,1974,2882
ResinTrap,397,40,1778,3057
ResinTrap,397,7,1780,3061
ResinTrap,397,7,2242,3652
ResinTrap,397,7,1781,3058
ResinTrap,398,23,2244,3649
ResinTrap,399,23,1515,3334
ResinTrap,399,20,1557,3096
ResinTrap,400,33,1819,3061
ResinTrap,400,20,1688,2708
ResinTrap,400,17,1856,3176
ResinTrap,400,7,1819,3063
ResinTrap,400,7,1687,2713
ResinTrap,401,13,1690,2705
ResinTrap,402,18,5623,1180
ResinTrap,402,7,1918,2870
ResinTrap,404,45,1784,3119
ResinTrap,404,25,1810,3205
ResinTrap,404,7,1291,3157
ResinTrap,405,13,1822,2342
ResinTrap,405,7,1270,3154
ResinTrap,405,7,1265,3156
ResinTrap,406,30,1265,3153
ResinTrap,407,31,1809,3206
ResinTrap,408,38,1878,3164
ResinTrap,408,20,1963,2868
ResinTrap,408,7,2027,2802
ResinTrap,408,7,1878,3166
ResinTrap,409,13,2257,3598
ResinTrap,409,10,2254,3600
ResinTrap,409,7,2262,3597
ResinTrap,410,42,1629,3185
ResinTrap,410,32,1785,3081
ResinTrap,410,27,1934,2832
ResinTrap,410,7,1784,3081
ResinTrap,411,30,1723,3098
ResinTrap,411,7,1723,3105
ResinTrap,412,50,1346,2916
ResinTrap,412,42,1871,2618
ResinTrap,412,37,1641,3191
ResinTrap,413,13,1871,2620
ResinTrap,414,220,1279,3663
ResinTrap,415,7,6024,2514
ResinTrap,416,17,1300,3564
ResinTrap,416,7,6108,2508
ResinTrap,417,68,1309,3116
ResinTrap,417,7,5851,2440
ResinTrap,418,68,1838,3227
ResinTrap,418,13,1315,3121
ResinTrap,418,13,1865,3136
ResinTrap,418,7,5843,2438
ResinTrap,418,7,1320,3123
ResinTrap,419,33,1764,2776
ResinTrap,419,13,5847,2439
ResinTrap,419,7,1766,2780
ResinTrap,419,7,1274,3672
ResinTrap,420,20,1272,3671
ResinTrap,421,51,2057,2922
ResinTrap,421,27,1341,2883
ResinTrap,421,7,2059,2927
ResinTrap,421,7,2061,2932
ResinTrap,421,7,1678,2713
ResinTrap,422,33,1307,3104
ResinTrap,422,13,1846,3240
ResinTrap,422,10,1340,2888
ResinTrap,422,7,1685,2710
ResinTrap,422,7,1309,3110
ResinTrap,423,63,2244,3616
ResinTrap,423,30,1844,3235
ResinTrap,423,20,6109,2520
ResinTrap,424,65,1356,2960
ResinTrap,424,58,1902,2902
ResinTrap,424,27,1622,3226
ResinTrap,424,20,2061,2933
ResinTrap,424,13,2057,2943
ResinTrap,424,7,2059,2940
ResinTrap,425,13,1829,3228
ResinTrap,427,63,1901,2884
ResinTrap,427,43,2243,3630
ResinTrap,427,40,1722,3003
ResinTrap,427,13,2242,3638
ResinTrap,428,33,1334,2855
ResinTrap,428,28,2062,2922
ResinTrap,429,60,1557,3028
ResinTrap,430,108,1896,2876
ResinTrap,430,43,2247,3660
ResinTrap,430,7,1675,2625
ResinTrap,430,7,1678,2631
ResinTrap,430,7,2253,3662
ResinTrap,431,7,1676,2629
ResinTrap,432,13,2078,2907
ResinTrap,432,9,1767,2764
ResinTrap,434,7,1593,3231
ResinTrap,434,7,1528,3801
ResinTrap,435,62,1523,3798
ResinTrap,435,37,1751,3094
ResinTrap,435,30,1754,3101
ResinTrap,435,13,1763,2779
ResinTrap,435,7,1762,2755
ResinTrap,436,52,1762,2777
ResinTrap,436,20,1778,2761
ResinTrap,436,7,1765,2776
ResinTrap,438,7,1560,3017
ResinTrap,438,7,1731,2756
ResinTrap,439,7,1734,2755
ResinTrap,440,30,5585,1147
ResinTrap,440,7,1740,2753
ResinTrap,441,7,1663,3172
ResinTrap,442,20,2201,3608
ResinTrap,442,13,2217,3573
ResinTrap,443,47,2205,3605
ResinTrap,443,37,1732,2983
ResinTrap,444,20,1824,3211
ResinTrap,444,13,1738,2694
ResinTrap,445,35,1825,3206
ResinTrap,445,7,1827,3205
ResinTrap,445,7,1823,3216
ResinTrap,447,7,2274,3627
ResinTrap,448,33,2015,2743
ResinTrap,448,20,2072,2918
ResinTrap,448,13,2016,2747
ResinTrap,448,13,1269,3118
ResinTrap,450,17,1269,3118
ResinTrap,452,13,1273,3534
ResinTrap,452,7,1728,2943
ResinTrap,453,52,1276,3534
ResinTrap,453,7,1283,3538
ResinTrap,457,7,6052,2544
ResinTrap,458,40,5666,2951
ResinTrap,458,27,1862,2918
ResinTrap,458,13,1861,2922
ResinTrap,459,20,1297,3123
ResinTrap,459,9,1699,3027
ResinTrap,460,13,1730,2806
ResinTrap,461,78,1910,3125
ResinTrap,461,13,2244,3537
ResinTrap,461,7,1920,3124
ResinTrap,462,20,1870,3242
ResinTrap,462,7,1735,2599
ResinTrap,463,7,1654,2600
ResinTrap,464,23,1343,3531
ResinTrap,464,7,1341,3531
ResinTrap,465,12,3612,954
ResinTrap,465,12,3862,954
ResinTrap,465,12,4112,954
ResinTrap,465,12,6612,954
ResinTrap,465,12,7112,1454
ResinTrap,465,12,3612,1204
ResinTrap,465,12,7112,954
ResinTrap,465,12,7612,1454
ResinTrap,465,12,3862,1204
ResinTrap,465,12,3612,1704
ResinTrap,465,12,3612,1954
ResinTrap,465,12,6862,1204
ResinTrap,465,12,3362,1204
ResinTrap,465,12,6862,1704
ResinTrap,465,12,3612,2704
ResinTrap,465,12,7362,1204
ResinTrap,465,12,3612,3454
ResinTrap,465,12,5112,1954
ResinTrap,465,12,7112,2454
ResinTrap,465,12,7612,2204
ResinTrap,465,12,4362,3454
ResinTrap,465,12,3112,2204
ResinTrap,465,12,7862,1204
ResinTrap,465,12,7362,2454
ResinTrap,465,12,7112,2204
ResinTrap,465,12,4612,3454
ResinTrap,465,12,7362,1704
ResinTrap,465,12,4362,3704
ResinTrap,465,12,7612,2454
ResinTrap,465,12,7362,2704
ResinTrap,465,12,3862,2704
ResinTrap,465,12,7862,1704
ResinTrap,465,12,7862,2204
ResinTrap,465,12,3612,3204
ResinTrap,465,12,6862,3704
ResinTrap,465,12,7112,3454
ResinTrap,465,12,3112,1454
ResinTrap,465,12,4112,2954
ResinTrap,465,12,6862,2704
ResinTrap,465,12,5112,2454
ResinTrap,465,12,3362,1454
ResinTrap,465,12,3112,1954
ResinTrap,465,12,7112,3204
ResinTrap,465,12,7112,2954
ResinTrap,466,43,1819,3278
ResinTrap,466,43,1867,2760
ResinTrap,466,7,1819,3284
ResinTrap,467,7,1822,3277
ResinTrap,467,7,1869,2765
ResinTrap,469,37,1440,3369
ResinTrap,469,7,5653,2995
ResinTrap,473,10,1281,3214
ResinTrap,475,17,1811,3634
ResinTrap,475,10,1813,3631
ResinTrap,475,7,1589,3021
ResinTrap,478,13,2277,3515
ResinTrap,478,7,1738,3098
ResinTrap,479,43,2277,3510
ResinTrap,480,7,1788,3860
ResinTrap,481,13,1754,3093
ResinTrap,481,7,1324,2846
ResinTrap,481,7,1758,3095
ResinTrap,481,7,2059,3098
ResinTrap,482,13,2056,3103
ResinTrap,482,12,2007,3643
ResinTrap,483,7,6622,3237
ResinTrap,483,7,6644,2947
ResinTrap,484,52,1297,3636
ResinTrap,484,7,1871,2881
ResinTrap,485,13,1655,2923
ResinTrap,486,7,4628,2246
ResinTrap,486,7,6649,2959
ResinTrap,487,30,2025,3682
ResinTrap,487,17,5855,2962
ResinTrap,487,7,1319,2892
ResinTrap,487,7,6618,2743
ResinTrap,488,23,1927,3158
ResinTrap,488,20,4618,2244
ResinTrap,488,18,4651,2204
ResinTrap,488,13,1993,3625
ResinTrap,488,7,4656,2218
ResinTrap,489,27,1926,3154
ResinTrap,489,7,4655,1444
ResinTrap,489,7,4654,1449
ResinTrap,489,7,5866,2965
ResinTrap,490,20,1763,2713
ResinTrap,490,17,2018,3644
ResinTrap,490,7,6566,2967
ResinTrap,492,21,1792,2903
ResinTrap,492,7,1771,2696
ResinTrap,493,20,2100,2968
ResinTrap,493,10,4605,2253
ResinTrap,493,9,4664,1189
ResinTrap,493,7,2098,2967
ResinTrap,494,7,1874,2780
ResinTrap,495,20,1259,3645
ResinTrap,495,13,1517,3644
ResinTrap,496,20,2084,3138
ResinTrap,496,13,6665,3204
ResinTrap,496,13,2042,3695
ResinTrap,497,17,4667,1198
ResinTrap,497,7,1626,2880
ResinTrap,498,33,2018,3598
ResinTrap,498,14,2027,3656
ResinTrap,498,13,6137,2518
ResinTrap,498,10,2028,3584
ResinTrap,498,7,1412,3037
ResinTrap,498,7,4345,1737
ResinTrap,498,7,2027,3588
ResinTrap,499,60,1323,3666
ResinTrap,499,7,6042,1750
ResinTrap,499,7,1326,3666
ResinTrap,500,32,4122,1454
ResinTrap,500,32,4351,1696
ResinTrap,500,10,6047,1749
ResinTrap,500,9,4424,1966
ResinTrap,501,10,2030,3673
ResinTrap,501,7,4120,1453
ResinTrap,501,7,1767,3618
ResinTrap,503,33,5846,2942
ResinTrap,503,10,6065,1745
ResinTrap,503,7,5846,2943
ResinTrap,503,7,5850,2949
ResinTrap,504,30,2060,3158
ResinTrap,504,10,6094,1894
ResinTrap,505,7,1832,2839
ResinTrap,505,7,1775,3599
ResinTrap,505,7,6100,1737
ResinTrap,505,7,1774,3602
ResinTrap,505,7,1835,2838
ResinTrap,505,7,5875,2729
ResinTrap,506,40,1833,2835
ResinTrap,506,36,2042,3159
ResinTrap,506,21,1488,3624
ResinTrap,506,10,1771,3608
ResinTrap,506,7,5871,2720
ResinTrap,508,23,2021,3625
ResinTrap,508,21,4617,1199
ResinTrap,508,12,6111,2702
ResinTrap,508,7,4586,1199
ResinTrap,509,22,5818,2695
ResinTrap,509,7,5866,2718
ResinTrap,510,22,4594,1195
ResinTrap,510,17,2093,3122
ResinTrap,510,13,2091,3118
ResinTrap,510,7,4136,1478
ResinTrap,511,35,4156,1442
ResinTrap,511,31,4356,1411
ResinTrap,511,19,4347,1648
ResinTrap,511,13,2080,3146
ResinTrap,511,7,1845,2814
ResinTrap,512,33,1754,3401
ResinTrap,512,28,4616,2223
ResinTrap,512,17,2037,3168
ResinTrap,512,13,4442,1949
ResinTrap,512,7,5582,2998
ResinTrap,513,7,4361,1409
ResinTrap,514,25,4352,1659
ResinTrap,514,7,4364,1407
ResinTrap,514,7,1933,3281
ResinTrap,515,45,4152,1946
ResinTrap,515,45,1575,4079
ResinTrap,515,13,4367,1701
ResinTrap,515,13,1756,3412
ResinTrap,515,7,4167,1445
ResinTrap,516,13,2264,3596
ResinTrap,516,10,4363,1752
ResinTrap,516,7,1540,3000
ResinTrap,516,7,1654,2906
ResinTrap,516,7,2266,3601
ResinTrap,517,23,4379,1455
ResinTrap,517,7,4624,1218
ResinTrap,517,7,4351,1668
ResinTrap,518,36,5804,2713
ResinTrap,518,24,4391,1952
ResinTrap,518,20,4166,1928
ResinTrap,518,13,2288,3398
ResinTrap,518,10,4623,1213
ResinTrap,518,7,4159,1494
ResinTrap,518,7,1656,2907
ResinTrap,519,27,2035,3147
ResinTrap,519,22,4634,1172
ResinTrap,519,17,2017,3603
ResinTrap,519,16,5844,2692
ResinTrap,519,13,1284,3611
ResinTrap,519,7,5808,2709
ResinTrap,519,7,2019,3608
ResinTrap,519,7,2077,3183
ResinTrap,519,7,2034,3145
ResinTrap,520,31,1283,3610
ResinTrap,520,22,4387,1448
ResinTrap,520,13,2074,3176
ResinTrap,520,10,1927,2775
ResinTrap,520,7,4155,1492
ResinTrap,520,7,4331,1635
ResinTrap,521,20,1286,3617
ResinTrap,521,10,4156,1899
ResinTrap,522,37,1588,4079
ResinTrap,523,23,4397,1416
ResinTrap,523,21,4350,1439
ResinTrap,523,14,5806,2941
ResinTrap,523,7,6058,2411
ResinTrap,524,23,1764,3881
ResinTrap,524,12,4356,1982
ResinTrap,524,10,1580,4059
ResinTrap,524,7,1762,3884
ResinTrap,524,7,1581,4063
ResinTrap,524,7,5852,2674
ResinTrap,525,20,1971,3381
ResinTrap,525,7,4356,1620
ResinTrap,525,7,5782,2728
ResinTrap,526,38,1559,3663
ResinTrap,526,23,1289,3595
ResinTrap,526,7,2068,3658
ResinTrap,526,7,5785,2726
ResinTrap,527,7,5850,2702
ResinTrap,527,7,5852,2705
ResinTrap,527,7,1593,2978
ResinTrap,527,7,1288,3601
ResinTrap,528,42,2076,2864
ResinTrap,528,7,1763,3705
ResinTrap,529,7,6067,1599
ResinTrap,530,13,1298,3471
ResinTrap,530,12,4172,1960
ResinTrap,531,7,5899,2926
ResinTrap,531,7,1270,3381
ResinTrap,531,7,2141,3082
ResinTrap,532,7,6094,2414
ResinTrap,532,7,1271,3384
ResinTrap,533,7,4394,1687
ResinTrap,533,7,1279,3518
ResinTrap,533,7,1278,3521
ResinTrap,534,20,4590,2224
ResinTrap,534,7,1781,3671
ResinTrap,534,7,1552,3664
ResinTrap,534,7,1786,3673
ResinTrap,535,29,4392,1729
ResinTrap,535,12,4171,1904
ResinTrap,535,7,4352,1419
ResinTrap,535,7,1477,3590
ResinTrap,535,7,1085,3631
ResinTrap,536,27,1473,3592
ResinTrap,536,26,5815,2743
ResinTrap,536,26,6578,2969
ResinTrap,536,10,4401,1427
ResinTrap,536,7,4377,1367
ResinTrap,536,7,1533,3649
ResinTrap,536,7,4359,1443
ResinTrap,537,28,6586,2976
ResinTrap,537,10,1563,3605
ResinTrap,538,12,5914,2912
ResinTrap,538,7,5911,2915
ResinTrap,539,58,6610,3210
ResinTrap,539,47,2077,3693
ResinTrap,539,35,6578,2935
ResinTrap,539,9,4381,1981
ResinTrap,539,7,4422,1965
ResinTrap,539,7,4415,1453
ResinTrap,539,7,4364,1445
ResinTrap,539,7,6609,3221
ResinTrap,539,7,6610,3216
ResinTrap,540,18,4394,1642
ResinTrap,540,7,4386,1717
ResinTrap,541,23,4405,1734
ResinTrap,541,7,4419,1454
ResinTrap,542,62,1581,3636
ResinTrap,542,44,6624,2951
ResinTrap,542,12,4388,1398
ResinTrap,543,28,5898,2692
ResinTrap,543,7,4298,1667
ResinTrap,544,20,1260,3596
ResinTrap,544,7,1558,2923
ResinTrap,545,36,6642,3200
ResinTrap,545,32,6615,2972
ResinTrap,546,7,5896,2698
ResinTrap,546,7,5894,2701
ResinTrap,548,29,6648,3178
ResinTrap,548,7,4430,1730
ResinTrap,548,7,4392,1971
ResinTrap,548,7,4390,1974
ResinTrap,549,38,4129,1900
ResinTrap,549,38,6606,2930
ResinTrap,550,23,4650,2224
ResinTrap,550,10,4655,2223
ResinTrap,551,7,4429,1732
ResinTrap,552,12,6063,2751
ResinTrap,552,10,6552,2976
ResinTrap,552,10,6639,2949
ResinTrap,553,37,6658,3213
ResinTrap,553,23,2312,3410
ResinTrap,553,22,6589,3185
ResinTrap,553,7,4124,1895
ResinTrap,554,7,2141,3550
ResinTrap,554,7,2100,3709
ResinTrap,554,7,1897,2340
ResinTrap,554,7,4347,2013
ResinTrap,556,20,6649,3186
ResinTrap,556,7,6648,3191
ResinTrap,557,13,1577,3655
ResinTrap,557,13,1579,3650
ResinTrap,557,7,4343,2025
ResinTrap,558,36,6627,2723
ResinTrap,558,7,6627,2991
ResinTrap,558,7,4344,2021
ResinTrap,558,7,6625,2988
ResinTrap,559,27,4580,1445
ResinTrap,559,13,2148,3183
ResinTrap,559,13,6598,2980
ResinTrap,560,48,1293,3868
ResinTrap,560,17,1305,3351
ResinTrap,560,7,1346,2956
ResinTrap,560,7,5825,2746
ResinTrap,560,7,5828,2744
ResinTrap,560,7,1303,3872
ResinTrap,562,18,4388,1756
ResinTrap,562,10,5924,2689
ResinTrap,562,10,4682,1160
ResinTrap,562,7,4390,1755
ResinTrap,562,7,6622,2735
ResinTrap,562,7,6591,2931
ResinTrap,563,13,5900,2674
ResinTrap,563,10,1282,3567
ResinTrap,563,7,1283,3564
ResinTrap,564,13,6631,3206
ResinTrap,564,7,1579,3402
ResinTrap,565,7,6612,2914
ResinTrap,566,25,2080,3127
ResinTrap,566,13,1560,4002
ResinTrap,566,12,4121,1528
ResinTrap,566,7,4125,1526
ResinTrap,566,7,6272,2238
ResinTrap,566,7,1555,4006
ResinTrap,566,7,6670,3168
ResinTrap,567,20,2047,3376
ResinTrap,568,25,2048,3373
ResinTrap,568,13,1286,3867
ResinTrap,568,10,1898,2283
ResinTrap,569,18,6614,2907
ResinTrap,569,17,2085,3741
ResinTrap,569,7,4447,2008
ResinTrap,569,7,4445,2011
ResinTrap,569,7,6617,2904
ResinTrap,570,27,2088,3734
ResinTrap,570,18,4560,1493
ResinTrap,570,7,2087,3738
ResinTrap,572,95,1560,3606
ResinTrap,572,20,1565,3606
ResinTrap,572,13,1400,3347
ResinTrap,572,7,4387,2026
ResinTrap,572,7,1305,3365
ResinTrap,573,13,1563,3611
ResinTrap,573,7,2183,3626
ResinTrap,574,42,1533,3568
ResinTrap,574,13,1602,3690
ResinTrap,574,13,1535,3573
ResinTrap,574,7,4160,1876
ResinTrap,575,32,1597,3688
ResinTrap,575,32,1758,3404
ResinTrap,575,30,1753,3406
ResinTrap,575,13,4389,2031
ResinTrap,575,10,6687,3215
ResinTrap,576,20,1780,3610
ResinTrap,576,7,1948,2811
ResinTrap,577,13,4151,1878
ResinTrap,578,13,1492,3578
ResinTrap,579,30,1493,3581
ResinTrap,581,37,1540,2593
ResinTrap,582,45,1539,2582
ResinTrap,582,25,6637,2729
ResinTrap,582,7,1540,2592
ResinTrap,582,7,1540,2587
ResinTrap,583,33,6638,2729
ResinTrap,583,27,1543,2577
ResinTrap,583,17,1544,3702
ResinTrap,583,7,4185,1370
ResinTrap,584,10,6670,3236
ResinTrap,586,7,4134,1594
ResinTrap,587,7,1772,3899
ResinTrap,588,75,1543,3575
ResinTrap,588,7,5748,2903
ResinTrap,588,7,1917,2978
ResinTrap,589,12,4130,1594
ResinTrap,590,7,6563,3191
ResinTrap,590,7,1554,3579
ResinTrap,592,13,1611,3608
ResinTrap,592,7,1612,3612
ResinTrap,594,12,1229,3237
ResinTrap,594,12,6557,3192
ResinTrap,595,13,1548,2932
ResinTrap,596,25,1771,3903
ResinTrap,596,13,1553,3529
ResinTrap,596,7,6036,1235
ResinTrap,599,47,1644,3621
ResinTrap,599,23,1811,3012
ResinTrap,599,13,1644,3624
ResinTrap,599,7,1651,3622
ResinTrap,601,7,2286,3367
ResinTrap,605,14,2164,2925
ResinTrap,608,9,1720,2833
ResinTrap,612,38,1775,3642
ResinTrap,612,37,1128,3558
ResinTrap,612,23,1770,3644
ResinTrap,612,7,4456,1796
ResinTrap,612,7,6640,2703
ResinTrap,613,40,6641,2697
ResinTrap,613,20,1582,3629
ResinTrap,613,7,1650,3426
ResinTrap,615,12,6362,954
ResinTrap,615,12,6862,954
ResinTrap,615,12,7362,954
ResinTrap,615,12,6612,1204
ResinTrap,615,12,3862,954
ResinTrap,615,12,7362,2954
ResinTrap,615,12,7862,2954
ResinTrap,615,12,7862,2454
ResinTrap,615,12,7362,1454
ResinTrap,615,12,7112,1204
ResinTrap,615,12,7112,1704
ResinTrap,615,12,7612,1204
ResinTrap,615,12,6862,1454
ResinTrap,615,12,6862,1704
ResinTrap,615,12,3612,3204
ResinTrap,615,12,3362,1454
ResinTrap,615,12,7862,1454
ResinTrap,615,12,7612,1704
ResinTrap,615,12,7862,1954
ResinTrap,615,12,6612,1704
ResinTrap,615,12,6612,1454
ResinTrap,615,12,6612,1954
ResinTrap,615,12,6862,1954
ResinTrap,615,12,3612,3704
ResinTrap,615,12,7112,2204
ResinTrap,616,10,1767,2889
ResinTrap,619,7,2047,3526
ResinTrap,620,72,2040,3522
ResinTrap,620,9,4373,943
ResinTrap,622,7,1255,3241
ResinTrap,623,7,4348,956
ResinTrap,625,7,2072,3750
ResinTrap,626,13,2074,3749
ResinTrap,627,7,1556,3632
ResinTrap,628,7,2271,3410
ResinTrap,628,7,4342,1271
ResinTrap,629,7,4438,2027
ResinTrap,629,7,1799,3873
ResinTrap,632,200,1435,2858
ResinTrap,632,13,1435,2863
ResinTrap,632,9,5868,2659
ResinTrap,632,7,1468,2840
ResinTrap,632,7,1471,2839
ResinTrap,633,13,1258,3451
ResinTrap,633,10,6107,2218
ResinTrap,634,7,4427,1324
ResinTrap,634,7,6874,2419
ResinTrap,635,7,1474,3368
ResinTrap,637,36,1415,2864
ResinTrap,638,17,2050,3636
ResinTrap,638,7,2049,3641
ResinTrap,639,7,3866,2996
ResinTrap,640,7,3874,3000
ResinTrap,640,7,6611,2709
ResinTrap,641,15,6597,2703
ResinTrap,641,12,4844,2683
ResinTrap,641,12,6853,2964
ResinTrap,643,7,1510,3564
ResinTrap,645,17,1765,3849
ResinTrap,645,13,1760,3851
ResinTrap,645,12,5097,1201
ResinTrap,646,7,5086,1198
ResinTrap,647,24,1785,3546
ResinTrap,647,18,6848,2983
ResinTrap,647,14,4308,2952
ResinTrap,648,21,4858,2690
ResinTrap,649,10,4875,2439
ResinTrap,649,7,1985,3258
ResinTrap,649,7,1230,3706
ResinTrap,649,7,1690,3829
ResinTrap,650,20,6621,3406
ResinTrap,650,7,1519,3580
ResinTrap,650,7,5104,1196
ResinTrap,651,17,1349,3462
ResinTrap,651,12,6847,2912
ResinTrap,652,22,4354,2955
ResinTrap,652,19,6848,2476
ResinTrap,652,10,6838,2479
ResinTrap,652,7,1579,3525
ResinTrap,652,7,1578,3522
ResinTrap,653,33,6633,3424
ResinTrap,653,27,4873,2714
ResinTrap,653,7,5138,1235
ResinTrap,654,20,4868,2728
ResinTrap,654,12,6391,2727
ResinTrap,654,10,5123,1191
ResinTrap,655,33,1725,3808
ResinTrap,655,13,6854,3006
ResinTrap,655,7,1782,3549
ResinTrap,655,7,5906,2281
ResinTrap,656,15,6411,2708
ResinTrap,656,12,6859,2486
ResinTrap,656,7,6856,2484
ResinTrap,656,7,6629,3414
ResinTrap,657,43,1723,3804
ResinTrap,657,7,4285,2937
ResinTrap,657,7,6397,2740
ResinTrap,658,13,1231,3604
ResinTrap,658,13,4868,2701
ResinTrap,658,7,4871,2707
ResinTrap,659,12,4397,2975
ResinTrap,659,7,5138,1198
ResinTrap,660,7,1721,3801
ResinTrap,660,7,6632,3436
ResinTrap,661,10,6431,2712
ResinTrap,661,7,4724,1189
ResinTrap,661,7,6411,2690
ResinTrap,661,7,1518,3539
ResinTrap,662,12,4817,2699
ResinTrap,662,10,4384,2979
ResinTrap,662,7,4820,2696
ResinTrap,662,7,6413,2693
ResinTrap,663,18,4622,3200
ResinTrap,663,13,6857,3228
ResinTrap,663,7,6807,2964
ResinTrap,664,7,4878,2674
ResinTrap,665,7,6415,3231
ResinTrap,666,24,4651,3190
ResinTrap,667,28,4600,3199
ResinTrap,667,7,4377,2714
ResinTrap,667,7,6422,3230
ResinTrap,668,12,4596,3196
ResinTrap,669,10,6888,3253
ResinTrap,670,12,4338,2912
ResinTrap,670,7,1729,3910
ResinTrap,671,14,4424,3000
ResinTrap,672,7,4336,2986
ResinTrap,673,50,4315,2905
ResinTrap,673,7,6850,2465
ResinTrap,674,7,6851,2461
ResinTrap,674,7,2317,3399
ResinTrap,674,7,1638,3102
ResinTrap,674,7,4645,3193
ResinTrap,675,10,4640,3194
ResinTrap,675,7,1755,2873
ResinTrap,676,17,4443,3008
ResinTrap,677,13,4908,2714
ResinTrap,677,13,5137,1162
ResinTrap,677,12,6825,3404
ResinTrap,678,7,4384,3000
ResinTrap,679,7,1663,3679
ResinTrap,679,7,5141,1153
ResinTrap,681,7,6809,2878
ResinTrap,682,7,6806,2876
ResinTrap,683,7,3854,2967
ResinTrap,684,7,6782,2919
ResinTrap,684,7,6778,2917
ResinTrap,685,17,1540,3590
ResinTrap,685,10,4632,3226
ResinTrap,685,7,4631,3221
ResinTrap,685,7,4366,2702
ResinTrap,685,7,4360,2689
ResinTrap,685,7,6798,2870
ResinTrap,685,7,4335,3193
ResinTrap,685,7,4551,3203
ResinTrap,686,12,1782,3769
ResinTrap,686,7,4338,3195
ResinTrap,687,7,1377,3334
ResinTrap,687,7,4872,2984
ResinTrap,687,7,4361,2691
ResinTrap,688,7,4547,3207
ResinTrap,689,32,1497,3540
ResinTrap,689,22,1722,2925
ResinTrap,689,13,1506,2747
ResinTrap,689,13,4340,2925
ResinTrap,689,7,4363,2695
ResinTrap,690,13,1353,3377
ResinTrap,690,7,1510,3672
ResinTrap,691,12,6624,3151
ResinTrap,691,10,4339,2921
ResinTrap,691,7,1346,3394
ResinTrap,691,7,4870,2980
ResinTrap,693,26,4918,2918
ResinTrap,693,10,4919,2916
ResinTrap,693,7,1340,3410
ResinTrap,695,7,6893,2451
ResinTrap,696,7,6883,2447
ResinTrap,697,30,4349,2727
ResinTrap,697,18,1686,2936
ResinTrap,698,37,4088,3198
ResinTrap,698,34,4100,3203
ResinTrap,698,21,1670,2934
ResinTrap,699,7,1565,3552
ResinTrap,700,10,4093,3201
ResinTrap,701,28,1660,2977
ResinTrap,702,12,6690,3085
ResinTrap,702,7,5589,2885
ResinTrap,704,12,4284,2909
ResinTrap,705,51,3841,2931
ResinTrap,707,13,1994,3611
ResinTrap,707,7,4077,3177
ResinTrap,708,37,1670,3151
ResinTrap,709,7,1672,3018
ResinTrap,710,60,3886,2957
ResinTrap,711,7,4939,2927
ResinTrap,712,7,1951,3627
ResinTrap,715,13,3829,2927
ResinTrap,715,10,4582,3228
ResinTrap,717,20,3852,2919
ResinTrap,719,20,1471,3656
ResinTrap,719,7,1337,3780
ResinTrap,721,7,1755,3829
ResinTrap,721,7,4907,2925
ResinTrap,722,7,3900,2967
ResinTrap,723,7,3873,2964
ResinTrap,723,7,1458,3343
ResinTrap,724,17,3877,2963
ResinTrap,724,7,1456,3335
ResinTrap,724,7,4911,2923
ResinTrap,725,13,1730,3210
ResinTrap,725,10,3845,2947
ResinTrap,725,10,3844,2942
ResinTrap,725,7,1735,3212
ResinTrap,726,10,1747,3216
ResinTrap,726,7,4917,2920
ResinTrap,728,7,4065,3211
ResinTrap,729,7,6524,2652
ResinTrap,730,7,1443,3306
ResinTrap,731,17,6806,3210
ResinTrap,735,20,4103,3224
ResinTrap,735,10,4104,3229
ResinTrap,735,7,1430,3280
ResinTrap,736,7,1882,3150
ResinTrap,737,22,1422,3246
ResinTrap,737,7,1885,3148
ResinTrap,740,7,1994,3123
ResinTrap,741,7,1445,3268
ResinTrap,742,7,2025,3167
ResinTrap,744,23,1342,3055
ResinTrap,746,10,3871,2912
ResinTrap,746,7,5592,2957
ResinTrap,747,13,1500,3055
ResinTrap,748,7,1504,3290
ResinTrap,752,9,1515,3584
ResinTrap,752,7,1660,3717
ResinTrap,753,20,1548,3759
ResinTrap,754,7,1534,3706
ResinTrap,755,20,1564,3381
ResinTrap,756,43,1343,3091
ResinTrap,756,31,1379,3164
ResinTrap,756,23,1371,3155
ResinTrap,758,17,1544,3540
ResinTrap,758,12,1552,3530
ResinTrap,758,7,1550,3534
ResinTrap,758,7,1548,3537
ResinTrap,761,55,4927,2959
ResinTrap,761,17,1611,3481
ResinTrap,762,13,1735,3963
ResinTrap,765,12,7112,954
ResinTrap,765,12,6612,954
ResinTrap,765,12,6862,1454
ResinTrap,765,12,7612,1454
ResinTrap,765,12,6112,1954
ResinTrap,765,12,7862,1454
ResinTrap,765,12,6362,1954
ResinTrap,765,12,6612,1704
ResinTrap,771,23,4126,938
ResinTrap,773,17,7101,2720
ResinTrap,773,7,7109,2719
ResinTrap,773,7,1478,3233
ResinTrap,775,13,1388,3103
ResinTrap,775,7,1387,3100
ResinTrap,776,14,1534,3122
ResinTrap,779,19,1448,3034
ResinTrap,780,23,3606,1428
ResinTrap,780,7,7584,1965
ResinTrap,780,7,1618,3272
ResinTrap,781,17,1635,3164
ResinTrap,783,7,3616,1423
ResinTrap,784,16,1504,3189
ResinTrap,784,12,7364,2236
ResinTrap,784,7,3624,1419
ResinTrap,784,7,5400,2219
ResinTrap,784,7,1611,3867
ResinTrap,786,12,3327,1703
ResinTrap,788,7,1659,3251
ResinTrap,788,7,3322,1711
ResinTrap,789,7,4165,976
ResinTrap,789,7,4159,970
ResinTrap,790,7,3874,1409
ResinTrap,790,7,1643,3259
ResinTrap,790,7,1602,3240
ResinTrap,790,7,1523,2942
ResinTrap,790,7,1657,3252
ResinTrap,791,7,1647,3257
ResinTrap,792,9,5623,2002
ResinTrap,792,7,1651,3255
ResinTrap,793,23,5597,2004
ResinTrap,793,9,3642,2688
ResinTrap,794,13,3873,3207
ResinTrap,794,7,3813,3702
ResinTrap,795,13,4975,2792
ResinTrap,795,7,5366,2256
ResinTrap,795,7,3811,3700
ResinTrap,796,7,5368,2258
ResinTrap,797,12,4103,3445
ResinTrap,797,7,5700,2738
ResinTrap,798,23,3352,2204
ResinTrap,798,23,1610,3182
ResinTrap,798,13,3351,2192
ResinTrap,799,28,1604,3196
ResinTrap,799,28,5671,1962
ResinTrap,799,27,1607,3187
ResinTrap,799,7,5634,1994
ResinTrap,799,7,1606,3196
ResinTrap,800,31,3362,1682
ResinTrap,800,7,4096,3427
ResinTrap,800,7,1603,3203
ResinTrap,801,17,3344,1702
ResinTrap,801,13,4073,3466
ResinTrap,801,7,6863,2228
ResinTrap,802,12,3601,2668
ResinTrap,802,7,1601,3205
ResinTrap,803,18,3618,2688
ResinTrap,803,16,4090,2968
ResinTrap,803,7,3595,2667
ResinTrap,804,34,5636,1978
ResinTrap,804,23,3657,2717
ResinTrap,804,18,1584,3180
ResinTrap,805,12,3857,3190
ResinTrap,805,7,7435,1969
ResinTrap,806,13,3550,2448
ResinTrap,806,12,3630,2920
ResinTrap,806,7,3638,2906
ResinTrap,807,26,5648,1966
ResinTrap,807,18,3847,3477
ResinTrap,807,7,4070,2960
ResinTrap,807,7,7358,1883
ResinTrap,808,27,3641,2941
ResinTrap,808,7,5686,1948
ResinTrap,808,7,1466,2882
ResinTrap,808,7,4086,3504
ResinTrap,808,7,3838,3706
ResinTrap,808,7,3843,3703
ResinTrap,809,14,5352,1960
ResinTrap,809,10,4121,3474
ResinTrap,810,39,4119,3474
ResinTrap,810,7,3887,1451
ResinTrap,810,7,4074,2963
ResinTrap,810,7,3659,2706
ResinTrap,811,19,3599,2429
ResinTrap,811,7,5665,1966
ResinTrap,811,7,3615,2695
ResinTrap,812,27,3653,2943
ResinTrap,812,24,3848,3239
ResinTrap,812,21,5609,1709
ResinTrap,812,12,3609,2706
ResinTrap,812,7,3568,2638
ResinTrap,813,12,7359,1971
ResinTrap,813,12,3381,1955
ResinTrap,813,10,7068,2683
ResinTrap,813,7,3379,1959
ResinTrap,813,7,3377,1962
ResinTrap,813,7,5342,1958
ResinTrap,813,7,4118,3466
ResinTrap,814,17,3390,1696
ResinTrap,814,13,3556,2454
ResinTrap,814,12,7381,1977
ResinTrap,814,12,3859,2701
ResinTrap,814,12,7350,1955
ResinTrap,814,7,3855,3236
ResinTrap,814,7,4042,3484
ResinTrap,814,7,3639,2929
ResinTrap,815,26,7306,2221
ResinTrap,815,12,3700,1440
ResinTrap,815,12,4122,3024
ResinTrap,815,10,3852,2702
ResinTrap,815,7,4080,2999
ResinTrap,815,7,4082,2993
ResinTrap,816,43,7324,1951
ResinTrap,816,25,3825,2664
ResinTrap,816,24,4136,3433
ResinTrap,816,7,3596,2437
ResinTrap,816,7,3652,2732
ResinTrap,816,7,3595,2442
ResinTrap,817,28,3878,2717
ResinTrap,817,13,3625,2962
ResinTrap,817,7,7354,1963
ResinTrap,817,7,3620,2964
ResinTrap,818,32,3618,1472
ResinTrap,818,18,3817,3137
ResinTrap,818,13,3857,3165
ResinTrap,818,10,3379,2417
ResinTrap,819,25,5657,1686
ResinTrap,819,13,3613,2631
ResinTrap,819,7,7138,1925
ResinTrap,819,7,3814,3135
ResinTrap,820,28,5595,1722
ResinTrap,820,7,3611,1479
ResinTrap,820,7,3613,2716
ResinTrap,820,7,7093,1958
ResinTrap,820,7,3614,1477
ResinTrap,820,7,3404,1691
ResinTrap,820,7,3613,2914
ResinTrap,821,36,4148,3399
ResinTrap,821,26,3892,3274
ResinTrap,821,17,7096,1957
ResinTrap,821,10,7091,2646
ResinTrap,821,7,7117,1964
ResinTrap,821,7,7096,2647
ResinTrap,822,27,7116,1963
ResinTrap,822,23,4069,3492
ResinTrap,822,10,7125,1962
ResinTrap,822,7,3635,2955
ResinTrap,822,7,3409,1689
ResinTrap,822,7,3616,2724
ResinTrap,822,7,3637,2952
ResinTrap,823,30,3577,2711
ResinTrap,823,21,5631,1680
ResinTrap,823,15,3888,3285
ResinTrap,823,7,3574,1452
ResinTrap,823,7,3354,1730
ResinTrap,823,7,3349,1720
ResinTrap,824,32,3941,1419
ResinTrap,824,13,4080,3693
ResinTrap,824,7,4155,3396
ResinTrap,824,7,3631,1477
ResinTrap,825,26,5596,1756
ResinTrap,825,13,7105,1960
ResinTrap,825,7,3352,1727
ResinTrap,825,7,7314,1938
ResinTrap,825,7,3320,2220
ResinTrap,825,7,7404,1991
ResinTrap,825,7,3598,2902
ResinTrap,826,31,7361,1931
ResinTrap,826,10,3896,2715
ResinTrap,826,7,4161,3392
ResinTrap,826,7,4082,3698
ResinTrap,827,48,7323,2216
ResinTrap,827,32,4117,2995
ResinTrap,827,12,3602,2903
ResinTrap,827,7,3569,2722
ResinTrap,828,38,5640,1730
ResinTrap,829,7,7358,1938
ResinTrap,829,7,7356,1941
ResinTrap,830,36,5614,1973
ResinTrap,830,32,5585,1993
ResinTrap,830,23,3831,2646
ResinTrap,830,19,5678,1646
ResinTrap,830,7,3958,1414
ResinTrap,830,7,4098,2954
ResinTrap,831,35,7358,1914
ResinTrap,831,13,7311,2221
ResinTrap,831,12,3559,2674
ResinTrap,831,10,3558,2680
ResinTrap,831,7,3963,1412
ResinTrap,831,7,5624,1979
ResinTrap,831,7,7317,2220
ResinTrap,831,7,4158,3435
ResinTrap,832,24,3918,1419
ResinTrap,832,10,4150,3406
ResinTrap,832,7,5648,1681
ResinTrap,832,7,4163,3437
ResinTrap,832,7,4105,3502
ResinTrap,832,7,4149,3411
ResinTrap,833,23,3875,1433
ResinTrap,834,39,5667,1717
ResinTrap,834,32,5652,1938
ResinTrap,834,12,4141,3379
ResinTrap,834,7,3358,2496
ResinTrap,834,7,4128,2994
ResinTrap,834,7,4171,1022
ResinTrap,834,7,4131,2992
ResinTrap,835,42,7103,1911
ResinTrap,835,32,7367,2196
ResinTrap,835,31,7330,2200
ResinTrap,835,7,5586,2005
ResinTrap,835,7,3571,2406
ResinTrap,835,7,5975,2565
ResinTrap,836,7,5625,1690
ResinTrap,837,7,7307,2005
ResinTrap,837,7,7310,2007
ResinTrap,837,7,7327,2208
ResinTrap,838,35,7374,2210
ResinTrap,838,23,3651,2466
ResinTrap,838,7,5579,1776
ResinTrap,839,30,5629,1724
ResinTrap,839,7,3934,1415
ResinTrap,839,7,7371,2188
ResinTrap,842,10,5611,1963
ResinTrap,842,10,5699,2038
ResinTrap,842,7,7368,1890
ResinTrap,843,7,7363,1899
ResinTrap,844,22,2147,3617
ResinTrap,844,7,7322,2183
ResinTrap,844,7,7366,1893
ResinTrap,845,18,3556,2694
ResinTrap,845,13,5681,1659
ResinTrap,845,10,3284,2223
ResinTrap,845,7,5695,1730
ResinTrap,845,7,3889,3269
ResinTrap,846,30,7408,1952
ResinTrap,846,7,3529,2406
ResinTrap,846,7,5854,2945
ResinTrap,847,23,2167,3610
ResinTrap,847,13,3891,3274
ResinTrap,847,10,4124,3027
ResinTrap,847,7,4162,3484
ResinTrap,847,7,5684,1656
ResinTrap,848,10,5686,1651
ResinTrap,849,13,7404,1964
ResinTrap,849,7,3525,2408
ResinTrap,849,7,3523,2412
ResinTrap,849,7,7395,1929
ResinTrap,850,13,5644,1932
ResinTrap,851,47,7113,2008
ResinTrap,851,38,7395,1927
ResinTrap,851,13,7394,2032
ResinTrap,851,7,7395,2027
ResinTrap,852,10,4143,998
ResinTrap,852,7,3815,3242
ResinTrap,852,7,3812,3240
ResinTrap,854,21,6769,2995
ResinTrap,854,18,5594,1992
ResinTrap,854,18,7440,2026
ResinTrap,854,7,4667,2445
ResinTrap,855,18,3377,1926
ResinTrap,855,10,7121,1906
ResinTrap,855,7,5676,1917
ResinTrap,856,20,7050,3175
ResinTrap,856,13,7047,3173
ResinTrap,856,7,6677,3118
ResinTrap,857,30,7124,2023
ResinTrap,857,20,7080,1897
ResinTrap,857,7,3927,1392
ResinTrap,857,7,3867,3530
ResinTrap,859,20,7606,1979
ResinTrap,859,7,7603,1978
ResinTrap,859,7,7150,1869
ResinTrap,859,7,3927,1388
ResinTrap,859,7,1925,3211
ResinTrap,861,13,7147,1859
ResinTrap,862,37,7407,1935
ResinTrap,862,13,7116,2001
ResinTrap,863,7,3988,1432
ResinTrap,863,7,7408,1937
ResinTrap,863,7,5679,1611
ResinTrap,864,23,4067,2905
ResinTrap,864,7,7333,1890
ResinTrap,864,7,5683,1612
ResinTrap,864,7,4072,2906
ResinTrap,865,33,4004,3576
ResinTrap,866,13,7453,1997
ResinTrap,866,12,7457,1995
ResinTrap,869,7,3499,2686
ResinTrap,870,7,7414,1908
ResinTrap,870,7,7412,1911
ResinTrap,871,10,3499,2685
ResinTrap,873,13,7432,2183
ResinTrap,875,20,7096,1919
ResinTrap,875,7,3885,1402
ResinTrap,875,7,3793,3470
ResinTrap,875,7,7094,2029
ResinTrap,877,7,7120,3167
ResinTrap,877,7,5602,2870
ResinTrap,878,13,7457,1938
ResinTrap,879,7,5601,2869
ResinTrap,880,10,7076,3145
ResinTrap,882,18,3668,1429
ResinTrap,882,7,3671,1431
ResinTrap,882,7,3674,1433
ResinTrap,884,7,3596,2918
ResinTrap,885,7,4733,2069
ResinTrap,886,14,4308,2919
ResinTrap,886,7,3598,2912
ResinTrap,888,7,3597,2913
ResinTrap,888,7,3484,2633
ResinTrap,890,23,3267,2272
ResinTrap,890,10,3268,2271
ResinTrap,897,7,4614,1407
ResinTrap,901,17,4236,1119
ResinTrap,901,7,4234,1115
ResinTrap,902,13,4015,1332
ResinTrap,902,7,7201,1833
ResinTrap,903,7,7205,1830
ResinTrap,905,20,7421,2215
ResinTrap,906,7,3866,3613
ResinTrap,908,7,7124,2092
ResinTrap,909,33,7125,2088
ResinTrap,912,12,4740,2024
ResinTrap,914,13,6567,3190
ResinTrap,915,12,6362,954
ResinTrap,915,12,7862,2954
ResinTrap,916,7,4115,2986
ResinTrap,920,7,4373,943
ResinTrap,926,7,5588,3439
ResinTrap,928,7,3511,2693
ResinTrap,932,10,4352,969
ResinTrap,932,7,4353,966
ResinTrap,933,24,5116,1688
ResinTrap,933,10,5858,1962
ResinTrap,933,7,5703,1386
ResinTrap,933,7,5131,1685
ResinTrap,934,10,5125,1686
ResinTrap,935,7,3871,3604
ResinTrap,936,7,7599,1665
ResinTrap,936,7,6875,1165
ResinTrap,937,17,3872,1205
ResinTrap,938,10,6614,1165
ResinTrap,938,7,5360,2453
ResinTrap,940,7,5114,1707
ResinTrap,940,7,5115,1702
ResinTrap,941,23,7116,1249
ResinTrap,941,13,7108,1160
ResinTrap,941,7,7104,1159
ResinTrap,942,7,7341,2445
ResinTrap,944,7,6666,1440
ResinTrap,944,7,5105,1661
ResinTrap,945,7,7358,1256
ResinTrap,945,7,7099,1259
ResinTrap,946,7,7106,1258
ResinTrap,947,12,4845,2229
ResinTrap,947,7,6604,1510
ResinTrap,948,7,6599,1514
ResinTrap,948,7,6871,1262
ResinTrap,950,7,7388,1718
ResinTrap,952,12,5669,1863
ResinTrap,952,7,7377,1723
ResinTrap,953,23,3590,3460
ResinTrap,953,7,5651,2239
ResinTrap,954,7,5657,2242
ResinTrap,958,16,5608,1652
ResinTrap,961,17,5679,2197
ResinTrap,962,7,6530,1216
ResinTrap,963,22,5646,2479
ResinTrap,963,7,5642,2489
ResinTrap,963,7,5644,2486
ResinTrap,964,44,7585,1710
ResinTrap,964,13,3608,1261
ResinTrap,966,7,7571,1736
ResinTrap,967,40,7562,1735
ResinTrap,967,18,5053,1678
ResinTrap,967,7,5051,1683
ResinTrap,969,18,7608,1712
ResinTrap,970,12,7574,1696
ResinTrap,971,7,5385,2496
ResinTrap,972,48,7620,1744
ResinTrap,972,12,3565,3485
ResinTrap,973,7,7097,3649
ResinTrap,974,7,7099,3652
ResinTrap,975,7,7458,2243
ResinTrap,977,7,7453,2243
ResinTrap,977,7,7553,1692
ResinTrap,977,7,7457,2241
ResinTrap,978,34,7374,1669
ResinTrap,979,42,6872,1183
ResinTrap,979,20,7454,2238
ResinTrap,979,7,7542,1760
ResinTrap,980,24,7587,1767
ResinTrap,981,7,7586,1779
ResinTrap,982,12,7617,1699
ResinTrap,982,7,7455,2236
ResinTrap,983,13,4764,2603
ResinTrap,984,10,5037,1700
ResinTrap,986,7,3546,3458
ResinTrap,987,17,4426,1019
ResinTrap,988,22,6600,1212
ResinTrap,988,14,4236,966
ResinTrap,988,12,5591,2820
ResinTrap,988,10,4998,1683
ResinTrap,988,7,7369,1647
ResinTrap,988,7,5317,2506
ResinTrap,989,7,3538,3456
ResinTrap,990,23,6583,1219
ResinTrap,990,7,7370,1648
ResinTrap,991,7,3625,1242
ResinTrap,991,7,3622,1244
ResinTrap,992,38,6823,1191
ResinTrap,992,7,7630,1772
ResinTrap,993,26,6557,1258
ResinTrap,994,42,6838,1173
ResinTrap,994,30,6620,1226
ResinTrap,994,13,7633,1780
ResinTrap,994,7,6605,1186
ResinTrap,994,7,7355,1261
ResinTrap,995,45,6571,1249
ResinTrap,995,27,5619,2457
ResinTrap,995,22,6603,1182
ResinTrap,995,12,6346,1506
ResinTrap,996,38,7356,1211
ResinTrap,997,44,6834,1217
ResinTrap,997,31,6558,1491
ResinTrap,998,39,6849,1223
ResinTrap,998,38,5390,2584
ResinTrap,998,30,7571,1664
ResinTrap,998,29,7337,1214
ResinTrap,998,18,6540,1257
ResinTrap,998,10,6881,1157
ResinTrap,998,7,6880,1162
ResinTrap,998,7,3574,3420
ResinTrap,999,23,6560,1498
ResinTrap,999,20,5351,2540
ResinTrap,1000,13,6633,1225
ResinTrap,1001,46,7127,1235
ResinTrap,1001,7,7510,1740
ResinTrap,1002,49,7321,1242
ResinTrap,1002,45,6597,1270
ResinTrap,1002,13,7603,1773
ResinTrap,1002,7,6830,1181
ResinTrap,1002,7,6844,1222
ResinTrap,1002,7,7596,1777
ResinTrap,1003,38,6913,1188
ResinTrap,1003,10,7346,1214
ResinTrap,1004,52,6575,1469
ResinTrap,1004,7,7317,1246
ResinTrap,1005,41,7374,1234
ResinTrap,1005,37,6919,1216
ResinTrap,1005,32,6933,1224
ResinTrap,1005,10,6602,1196
ResinTrap,1005,7,6567,1216
ResinTrap,1006,12,6562,1213
ResinTrap,1006,9,7031,2966
ResinTrap,1006,7,7029,2963
ResinTrap,1007,65,6860,1248
ResinTrap,1007,39,6879,1255
ResinTrap,1007,38,6524,1483
ResinTrap,1007,20,6832,1155
ResinTrap,1008,13,6844,3589
ResinTrap,1008,7,6925,1181
ResinTrap,1008,7,4873,2941
ResinTrap,1009,20,6824,1201
ResinTrap,1010,48,6890,1251
ResinTrap,1010,13,6873,1199
ResinTrap,1010,13,7052,2983
ResinTrap,1010,10,6572,1462
ResinTrap,1010,10,6872,1204
ResinTrap,1010,10,6573,1242
ResinTrap,1010,7,7364,1200
ResinTrap,1010,7,7383,1237
ResinTrap,1010,7,6517,1269
ResinTrap,1011,48,7047,2977
ResinTrap,1011,20,3627,3225
ResinTrap,1011,10,6853,1173
ResinTrap,1012,13,3628,3220
ResinTrap,1013,39,6616,1263
ResinTrap,1014,20,5376,2601
ResinTrap,1014,7,7324,1240
ResinTrap,1015,20,3607,3394
ResinTrap,1015,10,5571,2837
ResinTrap,1015,7,7657,1759
ResinTrap,1015,7,6855,1238
ResinTrap,1016,44,6596,1480
ResinTrap,1016,20,6945,1239
ResinTrap,1016,13,7039,2976
ResinTrap,1016,7,6946,1243
ResinTrap,1016,7,7031,2972
ResinTrap,1017,10,7127,1256
ResinTrap,1018,20,6903,1182
ResinTrap,1018,17,5401,2639
ResinTrap,1018,10,6908,1183
ResinTrap,1018,7,7369,1229
ResinTrap,1018,7,6581,1271
ResinTrap,1019,23,6580,1271
ResinTrap,1019,7,7116,1231
ResinTrap,1019,7,6501,1497
ResinTrap,1019,7,6608,1273
ResinTrap,1019,7,7034,2975
ResinTrap,1020,45,6619,1458
ResinTrap,1020,18,6501,1495
ResinTrap,1020,7,1777,3704
ResinTrap,1021,60,1706,3740
ResinTrap,1021,7,1775,3701
ResinTrap,1021,7,6926,1203
ResinTrap,1022,7,6559,1486
ResinTrap,1022,7,6565,1525
ResinTrap,1022,7,6562,1523
ResinTrap,1023,25,7145,1190
ResinTrap,1023,7,1705,3737
ResinTrap,1023,7,6603,1499
ResinTrap,1024,7,1771,3695
ResinTrap,1025,7,6584,1479
ResinTrap,1026,27,6620,1256
ResinTrap,1026,13,1766,3686
ResinTrap,1027,7,6601,1495
ResinTrap,1028,41,6906,1231
ResinTrap,1029,28,1729,3700
ResinTrap,1029,18,5613,2504
ResinTrap,1030,13,6829,3579
ResinTrap,1033,7,6316,1474
ResinTrap,1037,20,6906,1243
ResinTrap,1037,13,7147,1178
ResinTrap,1037,7,5741,2536
ResinTrap,1037,7,7145,1170
ResinTrap,1038,7,7146,1173
ResinTrap,1040,12,7330,1272
ResinTrap,1040,7,7369,1260
ResinTrap,1040,7,6985,1217
ResinTrap,1041,13,7367,1263
ResinTrap,1041,13,7365,1266
ResinTrap,1043,7,6921,1277
ResinTrap,1044,13,6981,1220
ResinTrap,1046,18,7073,2996
ResinTrap,1047,18,7076,2994
ResinTrap,1048,23,6635,1293
ResinTrap,1048,7,6639,1296
ResinTrap,1050,13,6818,3518
ResinTrap,1051,7,5731,2021
ResinTrap,1052,13,5732,2018
ResinTrap,1053,13,3625,3445
ResinTrap,1053,13,3628,3443
ResinTrap,1059,42,6638,1472
ResinTrap,1059,27,6492,1256
ResinTrap,1060,7,3670,3215
ResinTrap,1062,7,3679,3217
ResinTrap,1063,10,3673,3216
ResinTrap,1073,7,6959,3001
ResinTrap,1077,7,7091,958
ResinTrap,1079,7,7385,1831
ResinTrap,1080,18,6902,1226
ResinTrap,1080,7,7382,1830
ResinTrap,1082,19,7612,1465
ResinTrap,1082,7,6364,1213
ResinTrap,1083,15,7605,1454
ResinTrap,1084,17,7604,1445
ResinTrap,1084,7,6106,2738
ResinTrap,1084,7,6100,2740
ResinTrap,1085,7,6354,1207
ResinTrap,1085,7,3494,3390
ResinTrap,1089,10,5192,1178
ResinTrap,1091,17,5875,3432
ResinTrap,1091,12,5353,1334
ResinTrap,1091,7,7099,1456
ResinTrap,1092,7,5363,1342
ResinTrap,1092,7,6623,993
ResinTrap,1093,18,7025,2964
ResinTrap,1093,7,7024,2967
ResinTrap,1095,19,6336,1952
ResinTrap,1095,7,7094,1437
ResinTrap,1095,7,7095,1441
ResinTrap,1096,7,6340,1944
ResinTrap,1098,23,6378,1718
ResinTrap,1098,19,6376,1727
ResinTrap,1098,17,6331,1705
ResinTrap,1100,20,6884,3015
ResinTrap,1100,13,6313,1958
ResinTrap,1100,7,7641,1464
ResinTrap,1101,20,6888,3017
ResinTrap,1103,12,6344,1976
ResinTrap,1103,7,7129,1195
ResinTrap,1103,7,6383,1744
ResinTrap,1105,7,6342,1744
ResinTrap,1108,13,6355,1982
ResinTrap,1108,7,7554,1471
ResinTrap,1109,7,7559,1470
ResinTrap,1110,7,5838,2958
ResinTrap,1111,10,5852,2931
ResinTrap,1111,7,7559,1425
ResinTrap,1112,24,6150,2944
ResinTrap,1112,7,7137,1192
ResinTrap,1113,16,6121,2871
ResinTrap,1113,7,4039,3296
ResinTrap,1114,12,4309,3428
ResinTrap,1115,17,6144,2925
ResinTrap,1116,18,6145,2918
ResinTrap,1118,13,6115,2680
ResinTrap,1118,10,6355,1747
ResinTrap,1118,7,6120,2681
ResinTrap,1119,17,6323,2008
ResinTrap,1119,12,5351,2964
ResinTrap,1119,7,4296,3429
ResinTrap,1120,7,6328,1728
ResinTrap,1121,7,5167,1447
ResinTrap,1121,7,6330,1734
ResinTrap,1122,7,4314,3434
ResinTrap,1126,26,6142,2964
ResinTrap,1128,7,6130,2673
ResinTrap,1129,12,6149,2957
ResinTrap,1129,7,6140,2668
ResinTrap,1131,7,6137,2669
ResinTrap,1133,20,6149,2978
ResinTrap,1136,31,6111,2961
ResinTrap,1136,7,6091,2717
ResinTrap,1136,7,6093,2720
ResinTrap,1137,7,6404,1172
ResinTrap,1142,12,6105,2970
ResinTrap,1146,7,7119,1517
ResinTrap,1152,41,6224,2921
ResinTrap,1153,7,6133,2690
ResinTrap,1154,23,6128,2966
ResinTrap,1154,7,6137,2701
ResinTrap,1154,7,6210,2928
ResinTrap,1155,7,6213,2927
ResinTrap,1155,7,6238,2922
ResinTrap,1156,7,6135,2693
ResinTrap,1157,7,6136,2696
ResinTrap,1158,13,6221,2923
ResinTrap,1160,7,6350,2082
ResinTrap,1161,7,5929,2979
ResinTrap,1165,12,6580,1629
ResinTrap,1166,48,6120,2918
ResinTrap,1171,48,5660,2751
ResinTrap,1172,12,5665,2748
ResinTrap,1173,20,6132,2914
ResinTrap,1173,10,6129,2915
ResinTrap,1174,81,6115,2860
ResinTrap,1174,7,6111,2868
ResinTrap,1175,37,6245,2051
ResinTrap,1177,12,7296,1191
ResinTrap,1184,7,5503,1265
ResinTrap,1186,7,6118,2924
ResinTrap,1190,7,6117,2926
ResinTrap,1192,7,3481,2169
ResinTrap,1193,7,5651,2766
ResinTrap,1195,7,3536,1922
ResinTrap,1196,33,5321,3276
ResinTrap,1196,7,3439,2184
ResinTrap,1199,7,5677,2780
ResinTrap,1200,9,5312,3264
ResinTrap,1201,20,5464,2842
ResinTrap,1202,7,6131,2848
ResinTrap,1205,13,5683,2791
ResinTrap,1205,12,5589,2398
ResinTrap,1210,23,6127,2812
ResinTrap,1210,7,6138,2845
ResinTrap,1210,7,6126,2819
ResinTrap,1211,13,6077,2936
ResinTrap,1211,7,6074,2934
ResinTrap,1215,12,4112,1954
ResinTrap,1215,12,5862,954
ResinTrap,1215,12,7862,2954
ResinTrap,1219,23,4868,946
ResinTrap,1219,7,4854,946
ResinTrap,1224,7,5360,3202
ResinTrap,1225,30,5299,3208
ResinTrap,1226,7,4384,965
ResinTrap,1226,7,4386,968
ResinTrap,1226,7,5300,3214
ResinTrap,1226,7,5355,3214
ResinTrap,1228,18,4836,964
ResinTrap,1228,7,5359,3199
ResinTrap,1229,22,4137,957
ResinTrap,1231,13,5357,3198
ResinTrap,1233,7,5357,3197
ResinTrap,1236,7,4320,971
ResinTrap,1237,12,4321,966
ResinTrap,1242,17,6184,2787
ResinTrap,1242,7,5353,3431
ResinTrap,1244,12,4870,2211
ResinTrap,1244,7,6183,2799
ResinTrap,1245,7,5116,2972
ResinTrap,1249,18,4607,997
ResinTrap,1261,13,5831,2972
ResinTrap,1261,9,5103,2958
ResinTrap,1261,7,5677,1478
ResinTrap,1263,7,5340,3366
ResinTrap,1263,7,5140,2962
ResinTrap,1264,7,5346,3381
ResinTrap,1266,7,5343,3372
ResinTrap,1272,7,4345,1018
ResinTrap,1273,13,5258,3180
ResinTrap,1273,7,4349,1012
ResinTrap,1273,7,4347,1015
ResinTrap,1283,10,5311,2157
ResinTrap,1286,7,4853,2937
ResinTrap,1287,7,4862,2940
ResinTrap,1289,45,5111,2916
ResinTrap,1289,7,4857,2938
ResinTrap,1290,7,6206,1485
ResinTrap,1290,7,5107,2908
ResinTrap,1292,12,3604,1478
ResinTrap,1292,7,3613,1490
ResinTrap,1292,7,5109,2911
ResinTrap,1296,35,6848,3202
ResinTrap,1296,10,4105,1426
ResinTrap,1296,7,3759,1509
ResinTrap,1298,7,7506,1134
ResinTrap,1299,7,5107,2931
ResinTrap,1300,7,5108,2927
ResinTrap,1302,12,5408,3132
ResinTrap,1306,7,3800,1399
ResinTrap,1310,7,3998,1245
ResinTrap,1310,7,3979,1347
ResinTrap,1311,7,4001,1250
ResinTrap,1316,7,5977,3113
ResinTrap,1317,7,5864,1816
ResinTrap,1318,7,6395,1229
ResinTrap,1321,10,4027,1317
ResinTrap,1329,9,5872,3095
ResinTrap,1335,7,5164,2862
ResinTrap,1338,48,5163,2854
ResinTrap,1339,38,5153,2845
ResinTrap,1339,7,4363,1215
ResinTrap,1342,41,4890,2872
ResinTrap,1342,7,4357,1227
ResinTrap,1344,38,4891,2868
ResinTrap,1344,20,4893,2862
ResinTrap,1346,7,7685,1699
ResinTrap,1346,7,7687,1707
ResinTrap,1350,10,5146,2837
ResinTrap,1352,7,4653,1168
ResinTrap,1363,9,5736,3114
ResinTrap,1365,12,6112,954
ResinTrap,1365,12,3862,1704
ResinTrap,1365,12,3612,1704
ResinTrap,1365,12,3612,1954
ResinTrap,1365,12,7862,3204
ResinTrap,1365,12,4112,1954
ResinTrap,1365,12,7612,2954
ResinTrap,1366,10,5739,3087
ResinTrap,1368,23,5116,948
ResinTrap,1375,9,6160,2792
ResinTrap,1375,7,5213,2799
ResinTrap,1378,7,6636,962
ResinTrap,1379,13,4664,1179
ResinTrap,1381,23,4671,1182
ResinTrap,1384,13,5176,2861
ResinTrap,1385,7,4483,1351
ResinTrap,1386,12,4546,1244
ResinTrap,1387,7,4533,1266
ResinTrap,1388,7,4521,1284
ResinTrap,1388,7,4506,1307
ResinTrap,1394,7,6620,978
ResinTrap,1397,7,6887,1406
ResinTrap,1408,7,5086,1544
ResinTrap,1413,7,6693,1361
ResinTrap,1413,7,7390,1834
ResinTrap,1424,7,5452,3117
ResinTrap,1435,7,5747,3073
ResinTrap,1451,7,7204,1337
ResinTrap,1454,7,6396,1475
ResinTrap,1458,7,7392,1399
ResinTrap,1462,7,7483,1566
ResinTrap,1470,19,6134,3053
ResinTrap,1475,17,5049,1129
ResinTrap,1480,7,4071,1123
ResinTrap,1481,33,4070,1118
ResinTrap,1486,10,6486,1769
ResinTrap,1515,12,3862,1954
ResinTrap,1515,12,3612,1704
ResinTrap,1515,12,7612,3204
ResinTrap,1515,12,7862,2954
ResinTrap,1515,12,3612,1954
ResinTrap,1515,12,7612,2704
ResinTrap,1518,9,4942,2873
ResinTrap,1519,17,4935,2987
ResinTrap,1524,7,6418,1894
ResinTrap,1526,7,6124,1432
ResinTrap,1528,10,5636,3445
ResinTrap,1529,10,4887,957
ResinTrap,1529,7,7005,1835
ResinTrap,1531,9,6140,1462
ResinTrap,1531,7,6143,1466
ResinTrap,1532,7,6384,1961
ResinTrap,1533,10,6151,3085
ResinTrap,1534,7,4966,2807
ResinTrap,1538,7,5615,3430
ResinTrap,1540,7,5621,3431
ResinTrap,1541,7,6307,975
ResinTrap,1541,7,4817,961
ResinTrap,1543,7,4802,976
ResinTrap,1547,7,7324,1888
ResinTrap,1555,13,5216,3107
ResinTrap,1556,32,4840,1006
ResinTrap,1556,7,7096,1019
ResinTrap,1556,7,3961,1132
ResinTrap,1556,7,3958,1130
ResinTrap,1558,18,4844,1001
ResinTrap,1559,7,3652,1004
ResinTrap,1560,22,4847,974
ResinTrap,1564,20,6723,1230
ResinTrap,1564,12,6376,974
ResinTrap,1567,7,7210,1463
ResinTrap,1572,7,6365,979
ResinTrap,1578,7,5340,3116
ResinTrap,1579,13,4865,979
ResinTrap,1579,7,5111,2941
ResinTrap,1581,12,4930,1762
ResinTrap,1581,7,7124,1888
ResinTrap,1583,7,5266,3044
ResinTrap,1586,7,6237,1438
ResinTrap,1587,24,6601,1016
ResinTrap,1588,56,4880,1036
ResinTrap,1588,7,6227,1433
ResinTrap,1589,10,4927,2348
ResinTrap,1590,7,6394,1016
ResinTrap,1591,7,6391,1006
ResinTrap,1592,17,6393,1011
ResinTrap,1593,44,6593,1062
ResinTrap,1594,42,6633,1027
ResinTrap,1594,7,6322,1060
ResinTrap,1595,13,4831,1351
ResinTrap,1595,7,7068,1358
ResinTrap,1596,7,6885,1050
ResinTrap,1597,7,6641,1048
ResinTrap,1598,20,6272,1430
ResinTrap,1598,17,6268,1431
ResinTrap,1600,20,4889,1066
ResinTrap,1600,20,4868,1044
ResinTrap,1600,7,4887,1059
ResinTrap,1601,10,4888,1062
ResinTrap,1601,7,6639,1042
ResinTrap,1602,10,6640,1045
ResinTrap,1605,9,6256,2631
ResinTrap,1606,7,6645,1022
ResinTrap,1606,7,6643,1025
ResinTrap,1612,7,5021,2813
ResinTrap,1615,7,6620,1041
ResinTrap,1618,30,5023,2812
ResinTrap,1627,7,6331,1090
ResinTrap,1630,7,6352,1062
ResinTrap,1635,7,6350,1062
ResinTrap,1637,13,6349,1059
ResinTrap,1639,7,6300,1081
ResinTrap,1640,33,6299,1077
ResinTrap,1647,7,6283,2651
ResinTrap,1648,7,6278,2653
ResinTrap,1665,12,3612,1954
ResinTrap,1665,12,7612,3204
ResinTrap,1665,12,4112,1954
ResinTrap,1665,12,7612,2954
ResinTrap,1670,26,3869,1714
ResinTrap,1671,22,7376,2968
ResinTrap,1674,18,5467,2945
ResinTrap,1674,7,5464,2951
ResinTrap,1674,7,5590,971
ResinTrap,1675,7,3844,1699
ResinTrap,1679,25,4387,957
ResinTrap,1682,7,5892,957
ResinTrap,1684,7,5820,974
ResinTrap,1685,17,6218,1130
ResinTrap,1687,12,6311,976
ResinTrap,1687,7,6315,974
ResinTrap,1692,17,5523,2958
ResinTrap,1693,10,5529,2963
ResinTrap,1693,7,5518,2964
ResinTrap,1695,10,5880,1944
ResinTrap,1697,7,5608,1979
ResinTrap,1699,7,5603,1978
ResinTrap,1701,7,7149,1244
ResinTrap,1701,7,4365,979
ResinTrap,1702,10,4370,978
ResinTrap,1703,7,5668,1963
ResinTrap,1706,27,6099,1427
ResinTrap,1707,12,6348,1487
ResinTrap,1708,7,6102,1423
ResinTrap,1710,7,6101,1434
ResinTrap,1711,17,5858,979
ResinTrap,1711,9,4268,1245
ResinTrap,1713,10,6364,1002
ResinTrap,1714,10,5047,1392
ResinTrap,1715,10,6078,1472
ResinTrap,1715,10,5938,1925
ResinTrap,1715,7,5932,1924
ResinTrap,1721,12,3883,1624
ResinTrap,1721,9,3880,1621
ResinTrap,1722,7,5873,977
ResinTrap,1723,7,6085,1468
ResinTrap,1724,13,6310,1026
ResinTrap,1724,10,3879,1611
ResinTrap,1725,7,3878,1606
ResinTrap,1725,7,6057,1424
ResinTrap,1729,7,6116,1016
ResinTrap,1730,28,5854,1040
ResinTrap,1731,21,7307,2412
ResinTrap,1732,13,6092,1447
ResinTrap,1732,7,6088,1460
ResinTrap,1733,49,7333,2693
ResinTrap,1733,7,5822,1989
ResinTrap,1733,7,6129,973
ResinTrap,1734,34,7360,2392
ResinTrap,1735,50,5832,1051
ResinTrap,1735,29,7344,2678
ResinTrap,1736,7,6120,978
ResinTrap,1737,22,7308,2694
ResinTrap,1737,20,6086,1050
ResinTrap,1738,52,7344,2721
ResinTrap,1738,7,5843,1052
ResinTrap,1738,7,6087,1046
ResinTrap,1740,32,7353,2364
ResinTrap,1740,12,7309,2419
ResinTrap,1740,7,7312,2423
ResinTrap,1742,26,7320,2353
ResinTrap,1743,39,7310,2360
ResinTrap,1743,37,7339,2659
ResinTrap,1743,33,7291,2681
ResinTrap,1743,7,7358,2378
ResinTrap,1743,7,6117,1440
ResinTrap,1743,7,7351,2725
ResinTrap,1744,12,7315,2357
ResinTrap,1744,7,5858,1042
ResinTrap,1745,7,7357,2374
ResinTrap,1745,7,6125,1443
ResinTrap,1746,12,5792,2022
ResinTrap,1746,7,6121,1441
ResinTrap,1747,22,5774,1441
ResinTrap,1747,16,5879,1686
ResinTrap,1747,7,5778,1434
ResinTrap,1747,7,5777,1437
ResinTrap,1747,7,5860,1035
ResinTrap,1749,43,5790,2030
ResinTrap,1749,22,6025,1362
ResinTrap,1749,7,5792,2038
ResinTrap,1750,34,7363,2333
ResinTrap,1750,33,7285,2721
ResinTrap,1750,7,5869,1073
ResinTrap,1750,7,7346,2639
ResinTrap,1751,7,6017,1358
ResinTrap,1752,10,5734,1456
ResinTrap,1752,7,7515,2456
ResinTrap,1752,7,7358,2345
ResinTrap,1753,67,7310,2744
ResinTrap,1753,22,7383,2703
ResinTrap,1753,7,7344,2641
ResinTrap,1754,13,7305,2380
ResinTrap,1754,10,7311,2746
ResinTrap,1754,7,7303,2385
ResinTrap,1754,7,5889,1683
ResinTrap,1754,7,7514,2454
ResinTrap,1754,7,7316,2745
ResinTrap,1755,42,7318,2120
ResinTrap,1755,7,5766,1424
ResinTrap,1755,7,7335,2709
ResinTrap,1755,7,5898,1680
ResinTrap,1756,7,7513,2452
ResinTrap,1757,10,7284,2649
ResinTrap,1758,40,7282,2646
ResinTrap,1758,20,7361,2307
ResinTrap,1759,52,7368,2677
ResinTrap,1759,7,6092,1100
ResinTrap,1759,7,7289,2706
ResinTrap,1760,7,6089,1096
ResinTrap,1760,7,5994,3011
ResinTrap,1762,40,7267,2327
ResinTrap,1762,7,6034,1344
ResinTrap,1762,7,6062,1092
ResinTrap,1763,13,5339,2850
ResinTrap,1764,33,7350,2078
ResinTrap,1764,7,6057,1097
ResinTrap,1764,7,6026,1345
ResinTrap,1765,25,7348,2096
ResinTrap,1765,7,6069,1517
ResinTrap,1766,17,7544,2405
ResinTrap,1766,12,5791,2062
ResinTrap,1766,10,7327,2335
ResinTrap,1766,7,7262,2323
ResinTrap,1766,7,7355,2072
ResinTrap,1766,7,7331,2336
ResinTrap,1767,7,7280,2331
ResinTrap,1768,7,7257,2319
ResinTrap,1769,24,4995,2785
ResinTrap,1769,13,6096,1486
ResinTrap,1769,10,5771,1118
ResinTrap,1769,7,5772,1115
ResinTrap,1770,13,7239,2471
ResinTrap,1771,18,7361,2746
ResinTrap,1771,7,5280,2776
ResinTrap,1772,51,7389,2650
ResinTrap,1772,7,5627,2980
ResinTrap,1773,24,5268,2743
ResinTrap,1773,23,5290,2777
ResinTrap,1773,20,5936,1706
ResinTrap,1773,7,7376,2682
ResinTrap,1774,7,5733,1448
ResinTrap,1774,7,5725,1451
ResinTrap,1775,23,3861,1579
ResinTrap,1775,10,7302,2951
ResinTrap,1775,7,5270,2740
ResinTrap,1776,37,7281,2780
ResinTrap,1776,13,5800,1994
ResinTrap,1777,7,7378,2685
ResinTrap,1777,7,7380,2688
ResinTrap,1778,12,5760,1456
ResinTrap,1778,7,5763,1460
ResinTrap,1781,18,6132,2771
ResinTrap,1782,17,5813,1145
ResinTrap,1782,14,6140,2762
ResinTrap,1783,23,6066,2816
ResinTrap,1784,23,7282,2774
ResinTrap,1784,7,7285,2774
ResinTrap,1785,7,7385,2656
ResinTrap,1786,32,7233,2354
ResinTrap,1787,23,6002,1353
ResinTrap,1787,10,6002,1351
ResinTrap,1787,7,6087,2800
ResinTrap,1787,7,7278,2745
ResinTrap,1789,23,7530,2337
ResinTrap,1789,21,6188,2774
ResinTrap,1789,12,6200,2762
ResinTrap,1789,7,7528,2337
ResinTrap,1789,7,7228,2351
ResinTrap,1789,7,6171,2778
ResinTrap,1790,17,7222,2348
ResinTrap,1790,7,7220,2348
ResinTrap,1793,12,6261,2943
ResinTrap,1793,7,6025,2835
ResinTrap,1795,27,7294,2122
ResinTrap,1797,7,6276,2934
ResinTrap,1798,30,5760,1418
ResinTrap,1798,13,5898,1069
ResinTrap,1798,7,5036,2800
ResinTrap,1799,13,6097,2939
ResinTrap,1799,7,6102,2942
ResinTrap,1800,7,7389,2622
ResinTrap,1801,18,7369,2718
ResinTrap,1801,7,7372,2718
ResinTrap,1806,18,7209,2432
ResinTrap,1807,7,7511,2441
ResinTrap,1808,7,7519,2445
ResinTrap,1810,25,7512,2442
ResinTrap,1810,7,6299,2768
ResinTrap,1810,7,5064,2799
ResinTrap,1812,15,6325,2759
ResinTrap,1815,20,7207,2392
ResinTrap,1815,20,5106,2902
ResinTrap,1815,13,6296,2734
ResinTrap,1815,10,6296,2729
ResinTrap,1816,10,6337,2755
ResinTrap,1817,7,6327,2737
ResinTrap,1819,7,5674,1494
ResinTrap,1821,13,7309,2796
ResinTrap,1822,23,7520,2247
ResinTrap,1822,7,7523,2249
ResinTrap,1824,7,7309,2800
ResinTrap,1828,7,5057,2732
ResinTrap,1829,7,6276,2628
ResinTrap,1830,30,7315,2101
ResinTrap,1832,7,4328,1689
ResinTrap,1835,14,5625,1948
ResinTrap,1835,13,7163,2639
ResinTrap,1836,25,7166,2641
ResinTrap,1836,7,5623,1942
ResinTrap,1837,7,5635,1952
ResinTrap,1837,7,5044,2719
ResinTrap,1838,7,5615,1931
ResinTrap,1840,12,7342,1219
ResinTrap,1840,7,7358,1921
ResinTrap,1842,20,5032,2706
ResinTrap,1844,10,6027,2823
ResinTrap,1844,7,5038,2693
ResinTrap,1846,14,3741,1386
ResinTrap,1847,7,4365,979
ResinTrap,1849,18,6196,2359
ResinTrap,1849,7,4370,978
ResinTrap,1850,7,7310,1974
ResinTrap,1852,7,7308,1971
ResinTrap,1853,10,6014,2771
ResinTrap,1857,13,5860,1230
ResinTrap,1858,17,5612,1720
ResinTrap,1858,13,7159,2723
ResinTrap,1858,7,7272,2568
ResinTrap,1859,7,7201,2823
ResinTrap,1859,7,7152,2720
ResinTrap,1860,16,5617,1705
ResinTrap,1861,7,7154,2722
ResinTrap,1862,13,5615,1711
ResinTrap,1862,7,7197,2824
ResinTrap,1863,13,7191,2824
ResinTrap,1863,7,4349,1683
ResinTrap,1865,13,5894,2612
ResinTrap,1865,7,5898,2611
ResinTrap,1865,7,5609,1688
ResinTrap,1867,30,5653,1697
ResinTrap,1867,10,7391,3213
ResinTrap,1867,7,7362,3184
ResinTrap,1868,10,7357,3185
ResinTrap,1872,7,7198,2163
ResinTrap,1872,7,7196,2167
ResinTrap,1873,7,5661,1683
ResinTrap,1874,7,7633,3421
ResinTrap,1876,18,5726,2632
ResinTrap,1881,10,5708,2640
ResinTrap,1885,23,7072,1867
ResinTrap,1885,13,5645,1700
ResinTrap,1885,10,5641,1701
ResinTrap,1886,10,4969,2798
ResinTrap,1889,12,6039,2381
ResinTrap,1893,7,5835,1709
ResinTrap,1894,7,5352,2524
ResinTrap,1899,7,5381,2508
ResinTrap,1901,24,5965,2710
ResinTrap,1901,17,5660,2763
ResinTrap,1903,26,5937,2701
ResinTrap,1904,17,5569,1730
ResinTrap,1904,12,7239,2058
ResinTrap,1905,15,5458,2497
ResinTrap,1907,22,5979,2724
ResinTrap,1907,7,6008,2418
ResinTrap,1910,7,4767,1428
ResinTrap,1918,10,5612,2559
ResinTrap,1918,7,7291,1877
ResinTrap,1919,10,4781,1423
ResinTrap,1919,7,5541,2070
ResinTrap,1921,19,5653,2804
ResinTrap,1921,7,5514,2496
ResinTrap,1921,7,5511,2494
ResinTrap,1921,7,7889,3357
ResinTrap,1921,7,7903,3363
ResinTrap,1922,7,4786,1421
ResinTrap,1923,7,4800,1420
ResinTrap,1924,32,5450,2362
ResinTrap,1924,7,5457,2372
ResinTrap,1925,7,4804,1417
ResinTrap,1925,7,4791,1418
ResinTrap,1926,7,7895,3355
ResinTrap,1927,9,5574,2529
ResinTrap,1927,7,7899,3356
ResinTrap,1928,7,4796,1415
ResinTrap,1930,7,5432,2330
ResinTrap,1931,7,5428,2323
ResinTrap,1932,7,5424,2316
ResinTrap,1933,7,4858,1408
ResinTrap,1934,7,4806,1410
ResinTrap,1935,7,4864,1405
ResinTrap,1937,7,4870,1402
ResinTrap,1938,7,4874,1400
ResinTrap,1939,37,4815,1397
ResinTrap,1939,7,4878,1398
ResinTrap,1941,27,6253,2449
ResinTrap,1943,7,4823,1395
ResinTrap,1944,7,4904,1384
ResinTrap,1944,7,4825,1393
ResinTrap,1946,24,6030,2718
ResinTrap,1946,7,6028,2724
ResinTrap,1947,7,4983,1340
ResinTrap,1947,7,4924,1373
ResinTrap,1948,7,4936,1366
ResinTrap,1948,7,4833,1384
ResinTrap,1959,7,6254,1416
ResinTrap,1963,7,4911,1288
ResinTrap,1963,7,6255,1421
ResinTrap,1963,7,4867,1337
ResinTrap,1964,7,7936,3265
ResinTrap,1964,7,4918,1275
ResinTrap,1966,17,6256,1425
ResinTrap,1966,7,7935,3262
ResinTrap,1967,10,6257,2396
ResinTrap,1970,17,6257,1430
ResinTrap,1974,17,6258,1435
ResinTrap,1975,7,4901,1276
ResinTrap,1977,20,6259,1439
ResinTrap,1990,7,6133,2586
ResinTrap,1993,16,6178,2400
ResinTrap,1994,10,7871,2954
ResinTrap,2000,7,4351,1708
ResinTrap,2001,27,6180,2354
ResinTrap,2002,7,6185,2349
ResinTrap,2003,7,6186,2346
ResinTrap,2003,7,4364,1718
ResinTrap,2004,7,4357,1714
ResinTrap,2004,7,4360,1716
ResinTrap,2005,9,6195,2368
ResinTrap,2006,31,7598,2975
ResinTrap,2014,7,4302,1521
ResinTrap,2015,7,5505,1720
ResinTrap,2018,7,4298,1516
ResinTrap,2020,7,7023,1515
ResinTrap,2024,14,5377,2589
ResinTrap,2026,13,7233,2601
ResinTrap,2026,7,7239,2603
ResinTrap,2027,7,7257,2608
ResinTrap,2030,21,5475,2577
ResinTrap,2031,10,7617,2914
ResinTrap,2033,21,5867,2732
ResinTrap,2035,7,7316,2397
ResinTrap,2036,35,7322,2399
ResinTrap,2036,27,7265,2386
ResinTrap,2036,7,7334,2402
ResinTrap,2038,17,7209,2797
ResinTrap,2038,7,4318,1742
ResinTrap,2040,13,7233,2799
ResinTrap,2045,7,7504,2922
ResinTrap,2046,10,5451,2602
ResinTrap,2049,17,5882,2705
ResinTrap,2051,12,5371,2540
ResinTrap,2056,13,5460,2529
ResinTrap,2056,7,7539,2950
ResinTrap,2058,100,6197,1525
ResinTrap,2058,20,6213,1526
ResinTrap,2059,7,5362,2506
ResinTrap,2060,7,7588,2949
ResinTrap,2061,7,5362,2501
ResinTrap,2061,7,7582,2936
ResinTrap,2062,53,5884,2654
ResinTrap,2062,17,7422,2190
ResinTrap,2070,17,6189,1535
ResinTrap,2072,7,7187,2694
ResinTrap,2074,28,5404,2514
ResinTrap,2074,7,4385,1676
ResinTrap,2078,7,7281,3011
ResinTrap,2084,7,7513,2932
ResinTrap,2085,7,7511,2928
ResinTrap,2097,19,5430,2461
ResinTrap,2104,16,5960,2836
ResinTrap,2108,13,5950,2830
ResinTrap,2114,17,5919,2845
ResinTrap,2118,19,5907,2900
ResinTrap,2122,9,7211,2124
ResinTrap,2130,7,5895,1337
ResinTrap,2134,10,7853,3130
ResinTrap,2136,7,5387,2586
ResinTrap,2139,13,5417,2572
ResinTrap,2145,13,7516,2928
ResinTrap,2148,7,7510,2930
ResinTrap,2162,25,3861,1914
ResinTrap,2162,7,3851,1923
ResinTrap,2163,20,7505,3184
ResinTrap,2163,7,3865,1911
ResinTrap,2164,13,7819,3259
ResinTrap,2171,7,3866,1380
ResinTrap,2172,27,3906,1888
ResinTrap,2176,7,3914,1893
ResinTrap,2180,7,3837,1668
ResinTrap,2182,7,3863,1876
ResinTrap,2201,7,3893,1876
ResinTrap,2202,17,3897,1873
ResinTrap,2203,7,4051,1837
ResinTrap,2209,10,4050,1820
ResinTrap,2221,7,5664,1347
ResinTrap,2231,7,4232,1610
ResinTrap,2236,17,4058,1832
ResinTrap,2236,7,4061,1833
ResinTrap,2252,10,3911,1764
SuctionCup,0,266990,1242,3473
SuctionCup,0,266990,1242,3973
SuctionCup,0,266967,1386,3223
SuctionCup,0,266967,1386,3723
SuctionCup,0,266965,2252,2223
SuctionCup,0,266950,809,3723
SuctionCup,0,266938,1819,2973
SuctionCup,0,266938,1819,2473
SuctionCup,0,266938,1819,3473
SuctionCup,0,266938,1819,3973
SuctionCup,0,266935,953,3473
SuctionCup,0,266935,953,3973
SuctionCup,0,266935,953,2473
SuctionCup,0,266935,2252,2723
SuctionCup,0,266935,1386,2223
SuctionCup,0,266935,953,2973
SuctionCup,0,266935,2252,3723
SuctionCup,0,266935,2252,3223
SuctionCup,0,266935,1386,2723
SuctionCup,0,266933,2396,3473
SuctionCup,0,266933,2396,2473
SuctionCup,0,266933,1963,3723
SuctionCup,0,266933,1963,2723
SuctionCup,0,266933,1097,2223
SuctionCup,0,266933,1963,2223
SuctionCup,0,266933,1530,3973
SuctionCup,0,266933,2396,3973
SuctionCup,0,266933,2396,2973
SuctionCup,0,266933,1530,3473
SuctionCup,0,266933,1963,3223
SuctionCup,0,266933,1097,2723
SuctionCup,0,266933,1097,3223
SuctionCup,0,266933,1530,2473
SuctionCup,0,266933,1097,3723
SuctionCup,0,266917,953,2306
SuctionCup,0,266917,953,2806
SuctionCup,0,266913,1819,2806
SuctionCup,0,266893,1675,3223
SuctionCup,0,266893,1675,4056
SuctionCup,0,266893,2108,2306
SuctionCup,0,266893,1675,3723
SuctionCup,0,266892,1675,3056
SuctionCup,0,266890,2108,2806
SuctionCup,0,266890,2108,3806
SuctionCup,0,266887,2108,3306
SuctionCup,0,266867,2108,3640
SuctionCup,0,266867,2108,2640
SuctionCup,0,266867,2108,3140
SuctionCup,0,266857,1675,2223
SuctionCup,0,266857,809,3223
SuctionCup,0,266857,1242,2473
SuctionCup,0,266853,2108,2973
SuctionCup,0,266853,2108,2473
SuctionCup,0,266853,2108,3473
SuctionCup,0,266853,1098,3890
SuctionCup,0,266853,2108,3973
SuctionCup,0,266852,1098,2890
SuctionCup,0,266852,1964,2890
SuctionCup,0,266852,1098,3390
SuctionCup,0,266850,1098,2390
SuctionCup,0,266848,809,2890
SuctionCup,0,266848,1242,2140
SuctionCup,0,266848,1242,3140
SuctionCup,0,266847,2108,2140
SuctionCup,0,266802,1819,3140
SuctionCup,0,266748,1386,3390
SuctionCup,0,266748,1386,3890
SuctionCup,0,266697,1386,2390
SuctionCup,0,266641,2397,3140
SuctionCup,0,266641,2397,2140
SuctionCup,0,266641,2397,3640
SuctionCup,0,266641,2397,2640
SuctionCup,0,266467,1386,4056
SuctionCup,0,266463,1386,2556
SuctionCup,0,266462,1386,3556
SuctionCup,0,266382,1098,3056
SuctionCup,0,266382,1098,2556
SuctionCup,0,266282,1098,4056
SuctionCup,0,266279,1098,3556
SuctionCup,0,266258,1531,3306
SuctionCup,0,265801,1819,2640
SuctionCup,0,265801,1819,3640
SuctionCup,0,265711,1819,2140
SuctionCup,0,261966,809,3390
SuctionCup,0,261402,2397,3806
SuctionCup,0,261402,2397,2806
SuctionCup,0,261367,2397,3306
SuctionCup,0,261357,2397,2306
SuctionCup,0,257271,1819,3806
SuctionCup,0,257269,1819,3306
SuctionCup,0,257267,1819,2306
SuctionCup,0,251004,1386,3056
SuctionCup,0,250138,1675,2390
SuctionCup,0,250135,1675,3890
SuctionCup,0,250135,1675,3390
SuctionCup,0,244632,809,3056
SuctionCup,0,244425,809,3556
SuctionCup,0,237723,1531,2640
SuctionCup,0,235853,1675,3556
SuctionCup,0,232047,1531,2140
SuctionCup,0,232045,1531,3640
SuctionCup,0,232043,1531,3140
SuctionCup,0,226740,1679,2890
SuctionCup,0,221756,1675,2556
SuctionCup,0,221227,953,2640
SuctionCup,0,219772,1964,3894
SuctionCup,0,216672,953,3642
SuctionCup,0,216672,953,3142
SuctionCup,0,213200,1964,3390
SuctionCup,0,212336,1242,2973
SuctionCup,0,209768,2252,3890
SuctionCup,0,208318,1964,2394
SuctionCup,0,205024,2252,2395
SuctionCup,0,205021,2252,2895
SuctionCup,0,205021,2252,3395
SuctionCup,0,200940,1242,2649
SuctionCup,537,7207,1545,3661
SuctionCup,739,46958,1556,3381
SuctionCup,1006,8129,6529,1489
SuctionCup,1337,65145,5645,1663
SuctionCup,1340,117757,7380,1946
SuctionCup,1417,36306,4668,1277
SuctionCup,1855,670792,5642,2557
SuctionCup,2065,54581,7338,2495
SuctionCup,2094,81556,5961,1243
