Island,167,67459,6881,2642
Island,167,57022,5925,2368
Island,223,22,6865,2820
Island,223,1,6861,2826
Island,223,1,6863,2825
Island,228,3,6872,2872
Island,229,37,6869,2869
Island,229,1,6868,2877
Island,260,6,6131,2667
Island,303,65,6215,2627
Island,325,1,6026,2687
Island,331,2,6103,2750
Island,332,1,6108,2744
Island,357,111,4362,1531
Island,406,1,6152,2864
Island,412,48,6772,2878
Island,416,55,6828,3091
Island,424,1,6762,2942
Island,429,18,6123,2900
Island,436,2,6155,2917
Island,442,9,6299,2833
Island,486,5,6314,2905
Island,511,1,6599,2951
Island,547,101,6581,2833
Island,563,13,6536,2771
Island,565,54,6535,2902
Island,567,3,6459,2665
Island,567,1,6462,2666
Island,570,4,6434,2641
Island,573,24,6560,2952
Island,576,10,6567,2966
Island,632,33,4035,1111
Island,696,33,4282,1408
Island,697,1171,4267,1392
Island,752,270,994,2367
Island,752,266,3035,3323
Island,762,103,4493,667
Island,763,5,6597,3043
Island,825,33,6692,2594
Island,828,42,6883,2766
Island,845,252,6204,2470
Island,859,57,6443,2526
Island,860,107,6348,2452
Island,867,1,4235,2789
Island,867,1,2194,1833
Island,873,122,6821,2528
Island,898,2,6359,3022
Island,906,264,6980,2640
Island,907,132,6446,2421
Island,930,1,6245,2404
Island,932,11,6983,2552
Island,934,2,6775,2458
Island,938,23,6088,2477
Island,967,1,6244,2371
Island,973,32,4612,1257
Island,988,103,7017,2662
Island,1006,1,6933,2490
Island,1006,1,6934,2489
Island,1023,15,6443,2949
Island,1071,123,6041,2461
Island,1073,375,4494,1367
Island,1080,138,4448,1197
Island,1086,119,4607,1312
Island,1111,1,4612,1556
Island,1112,63,4716,1564
Island,1112,30,6979,2734
Island,1115,427,4714,1490
Island,1128,100,4646,1721
Island,1142,34,6257,2312
Island,1145,42,7020,2561
Island,1146,7,7043,2617
Island,1153,59,7032,2639
Island,1153,1,7044,2638
Island,1153,1,7045,2637
Island,1191,28,7081,2754
Island,1224,18,6466,2637
Island,1240,3,6489,2659
Island,1240,3,6488,2655
Island,1246,36,6516,2653
Island,1251,2,6608,2690
Island,1252,106,6600,2680
Island,1254,16,6453,2646
Island,1262,70,6544,2690
Island,1306,339,6017,2262
Island,1396,139,6941,2559
Island,1401,8,6234,2233
Island,1405,1,6717,2240
Island,1413,1,6675,2170
Island,1414,1,6396,2121
Island,1416,2,6600,2156
Island,1417,88,6597,2152
Island,1422,64,6293,2191
Island,1430,7,6394,2052
Island,1442,117,6478,2124
Island,1443,168,6773,2362
Island,1447,3,6775,2253
Island,1447,3,6776,2250
Island,1448,146,6771,2239
Overhang,167,14131,6942,2697
Overhang,167,4668,6055,2410
Overhang,167,930,6053,2461
Overhang,167,832,6020,2513
Overhang,167,704,6025,2564
Overhang,167,634,6064,2510
Overhang,167,502,5987,2568
Overhang,167,334,7073,2862
Overhang,167,258,6058,2418
Overhang,167,216,6949,2916
Overhang,167,122,6102,2594
Overhang,167,120,6056,2644
Overhang,167,96,6130,2548
Overhang,167,78,5992,2533
Overhang,167,71,6025,2478
Overhang,167,48,6028,2621
Overhang,167,29,6102,2612
Overhang,167,26,6162,2460
ResinTrap,24,24,3954,3127
ResinTrap,24,23,4322,667
ResinTrap,24,23,4863,959
ResinTrap,24,23,2982,3322
ResinTrap,24,23,4480,892
ResinTrap,24,23,3760,3322
ResinTrap,24,23,4149,2933
ResinTrap,24,23,1719,2365
ResinTrap,24,23,3177,3516
ResinTrap,24,23,7064,2211
ResinTrap,24,23,941,2365
ResinTrap,24,23,1136,2560
ResinTrap,24,22,4919,1759
ResinTrap,24,22,4795,1342
ResinTrap,24,22,4029,1207
ResinTrap,24,22,2302,1782
ResinTrap,24,19,4705,734
ResinTrap,195,9,4251,1667
ResinTrap,200,26,4193,1658
ResinTrap,217,7,6185,2446
ResinTrap,220,17,7015,2689
ResinTrap,226,23,4255,1050
ResinTrap,226,23,4829,1151
ResinTrap,226,23,2982,3516
ResinTrap,226,23,6870,2211
ResinTrap,226,23,6481,2211
ResinTrap,226,23,941,2560
ResinTrap,226,22,4863,959
ResinTrap,226,22,6675,2405
ResinTrap,226,22,4638,1117
ResinTrap,226,22,6092,2016
ResinTrap,226,22,1913,2365
ResinTrap,226,22,3954,3322
ResinTrap,226,19,4288,858
ResinTrap,226,19,4919,1759
ResinTrap,226,17,4446,1084
ResinTrap,226,12,6287,2017
ResinTrap,226,12,6676,2017
ResinTrap,229,7,6283,3189
ResinTrap,232,10,6292,3192
ResinTrap,234,19,6492,2588
ResinTrap,236,7,6272,3170
ResinTrap,237,17,4716,1705
ResinTrap,243,7,6475,2582
ResinTrap,252,20,3180,3155
ResinTrap,252,13,1141,2199
ResinTrap,256,12,3191,3163
ResinTrap,256,7,1706,1995
ResinTrap,256,7,1709,1997
ResinTrap,256,7,3746,2951
ResinTrap,256,7,3749,2953
ResinTrap,261,24,6463,2624
ResinTrap,261,7,4213,1426
ResinTrap,267,10,6474,2629
ResinTrap,268,7,6531,2618
ResinTrap,272,7,3177,3121
ResinTrap,273,13,1138,2163
ResinTrap,273,12,3180,3119
ResinTrap,281,18,1511,2348
ResinTrap,281,7,3551,3306
ResinTrap,281,7,3554,3304
ResinTrap,285,23,1700,2043
ResinTrap,285,23,3741,2999
ResinTrap,285,7,1158,2168
ResinTrap,286,7,3198,3124
ResinTrap,287,7,6489,2627
ResinTrap,287,7,6486,2629
ResinTrap,287,7,1156,2167
ResinTrap,288,7,1153,2166
ResinTrap,288,7,6481,2654
ResinTrap,292,13,3204,3153
ResinTrap,293,12,1165,2194
ResinTrap,293,7,3207,3150
ResinTrap,295,7,1270,2250
ResinTrap,296,32,6669,3132
ResinTrap,296,7,3309,3205
ResinTrap,296,7,6675,3130
ResinTrap,297,66,6666,3161
ResinTrap,297,10,6443,2664
ResinTrap,302,22,6521,2655
ResinTrap,303,20,1148,2136
ResinTrap,303,20,3189,3092
ResinTrap,303,7,1147,2142
ResinTrap,308,7,6660,3125
ResinTrap,308,7,6682,3163
ResinTrap,319,7,6458,2606
ResinTrap,327,17,6021,2682
ResinTrap,329,10,6015,2679
ResinTrap,334,7,6470,2709
ResinTrap,337,7,6471,2708
ResinTrap,351,7,3273,3182
ResinTrap,351,7,1232,2225
ResinTrap,372,18,6627,3103
ResinTrap,375,7,4312,1399
ResinTrap,388,10,4368,1514
ResinTrap,428,23,6481,2211
ResinTrap,428,22,7064,2211
ResinTrap,428,21,4953,1568
ResinTrap,428,17,4919,1759
ResinTrap,428,17,6870,2017
ResinTrap,428,17,6481,2017
ResinTrap,428,17,6092,2017
ResinTrap,428,12,6287,2017
ResinTrap,444,7,3557,3316
ResinTrap,448,7,6688,2618
ResinTrap,450,18,6504,2408
ResinTrap,450,12,1139,2538
ResinTrap,453,7,4515,728
ResinTrap,454,7,4003,1203
ResinTrap,454,7,4488,700
ResinTrap,455,18,4217,1237
ResinTrap,459,7,3494,3197
ResinTrap,460,12,1150,2543
ResinTrap,462,7,3492,3195
ResinTrap,464,12,4247,1255
ResinTrap,464,7,1449,2237
ResinTrap,465,7,3490,3193
ResinTrap,469,7,988,2380
ResinTrap,470,7,3029,3335
ResinTrap,471,7,988,2377
ResinTrap,471,7,3027,3329
ResinTrap,472,12,1155,2506
ResinTrap,472,7,3197,3462
ResinTrap,472,7,3195,3465
ResinTrap,472,7,1153,2510
ResinTrap,473,7,6377,2613
ResinTrap,474,7,6540,2427
ResinTrap,474,7,6537,2425
ResinTrap,477,7,6468,2424
ResinTrap,477,7,6471,2426
ResinTrap,479,7,6507,2444
ResinTrap,486,7,6460,2408
ResinTrap,494,7,4238,1251
ResinTrap,497,42,940,2393
ResinTrap,497,22,2982,3349
ResinTrap,499,7,936,2395
ResinTrap,500,18,4345,1515
ResinTrap,501,27,6485,2428
ResinTrap,501,7,4376,1532
ResinTrap,502,7,4368,1528
ResinTrap,503,7,4361,1525
ResinTrap,504,13,6445,2437
ResinTrap,507,24,6439,2441
ResinTrap,509,68,6418,2439
ResinTrap,512,37,6544,2783
ResinTrap,515,10,6785,3136
ResinTrap,516,12,6411,2434
ResinTrap,516,7,4445,1645
ResinTrap,519,52,3989,1802
ResinTrap,521,7,947,2389
ResinTrap,524,7,2989,3344
ResinTrap,525,10,4056,1593
ResinTrap,527,7,2990,3342
ResinTrap,528,73,4030,1791
ResinTrap,528,58,4021,1787
ResinTrap,550,7,6388,2468
ResinTrap,550,7,6386,2471
ResinTrap,555,18,6173,2619
ResinTrap,565,23,7109,2622
ResinTrap,587,7,6871,3062
ResinTrap,588,20,4016,1790
ResinTrap,603,7,6947,2960
ResinTrap,604,25,6164,2885
ResinTrap,606,7,3044,3369
ResinTrap,611,47,2869,3367
ResinTrap,612,7,828,2410
ResinTrap,614,7,4062,1836
ResinTrap,616,7,4064,1837
ResinTrap,620,75,4481,713
ResinTrap,627,9,1543,2028
ResinTrap,630,7,4146,1643
ResinTrap,637,7,6881,2396
ResinTrap,641,7,4055,1109
ResinTrap,648,14,4721,1703
ResinTrap,648,7,6858,2384
ResinTrap,649,12,1899,2196
ResinTrap,650,7,4776,1367
ResinTrap,653,15,6843,2843
ResinTrap,657,35,1520,1805
ResinTrap,657,30,3561,2761
ResinTrap,659,12,4503,896
ResinTrap,670,26,6858,2437
ResinTrap,670,7,1163,2512
ResinTrap,671,7,3200,3478
ResinTrap,673,10,4708,1718
ResinTrap,673,9,1581,2260
ResinTrap,673,7,7238,2603
ResinTrap,677,36,6452,2415
ResinTrap,681,17,6508,2413
ResinTrap,681,7,6509,2409
ResinTrap,682,40,1869,2168
ResinTrap,682,26,6467,2411
ResinTrap,683,58,3909,3124
ResinTrap,685,7,6447,2426
ResinTrap,686,7,6460,2414
ResinTrap,688,7,6471,2405
ResinTrap,690,7,6472,2402
ResinTrap,691,7,3549,2806
ResinTrap,692,7,3550,2802
ResinTrap,692,7,1509,1846
ResinTrap,694,28,6843,2415
ResinTrap,695,50,6482,2429
ResinTrap,696,65,4735,1335
ResinTrap,698,7,6482,2438
ResinTrap,699,7,6847,2411
ResinTrap,700,42,2129,1808
ResinTrap,700,40,4170,2764
ResinTrap,700,38,4124,2927
ResinTrap,700,22,2083,1971
ResinTrap,700,7,1179,2304
ResinTrap,700,7,1175,2305
ResinTrap,700,7,3217,3261
ResinTrap,703,20,2120,1963
ResinTrap,704,13,4161,2919
ResinTrap,704,7,6084,2294
ResinTrap,705,12,2090,1975
ResinTrap,705,7,4130,2931
ResinTrap,706,42,4757,1307
ResinTrap,706,13,4757,1310
ResinTrap,706,7,6083,2293
ResinTrap,706,7,6082,2288
ResinTrap,707,25,1902,2148
ResinTrap,708,7,3945,3108
ResinTrap,708,7,1905,2153
ResinTrap,708,7,4190,2764
ResinTrap,709,36,2149,1807
ResinTrap,709,7,6324,2947
ResinTrap,710,53,4190,2764
ResinTrap,710,13,3911,3104
ResinTrap,711,18,3215,3290
ResinTrap,711,7,3218,3292
ResinTrap,711,7,1176,2335
ResinTrap,711,7,3909,3108
ResinTrap,711,7,1869,2150
ResinTrap,712,7,4322,1342
ResinTrap,713,27,4709,1342
ResinTrap,713,10,4186,2766
ResinTrap,716,10,4325,1339
ResinTrap,716,7,6679,2584
ResinTrap,719,7,6504,2428
ResinTrap,720,7,6542,2437
ResinTrap,722,18,6503,2396
ResinTrap,722,7,6138,2283
ResinTrap,723,78,4149,2765
ResinTrap,723,18,3663,3128
ResinTrap,723,17,1622,2172
ResinTrap,724,83,2108,1808
ResinTrap,724,7,6499,2431
ResinTrap,725,7,2134,1830
ResinTrap,727,7,4116,2771
ResinTrap,729,7,2074,1814
ResinTrap,734,13,4158,2769
ResinTrap,734,7,4112,2768
ResinTrap,735,23,2117,1813
ResinTrap,739,20,6123,2312
ResinTrap,749,7,4146,2755
ResinTrap,749,7,2105,1798
ResinTrap,754,10,7187,2607
ResinTrap,772,68,6535,2470
ResinTrap,773,12,1327,2186
ResinTrap,773,10,6537,2469
ResinTrap,773,9,3368,3143
ResinTrap,776,7,4120,2891
ResinTrap,779,7,2078,1935
ResinTrap,781,7,2077,1937
ResinTrap,789,7,4506,751
ResinTrap,804,13,4279,1492
ResinTrap,808,7,4206,1427
ResinTrap,824,9,1526,2084
ResinTrap,824,7,3567,3040
ResinTrap,847,22,5715,2425
ResinTrap,850,7,7256,2582
ResinTrap,851,7,7251,2580
ResinTrap,853,66,6489,3042
ResinTrap,863,7,3939,3307
ResinTrap,865,7,4549,991
ResinTrap,867,7,4552,996
ResinTrap,872,7,7228,2614
ResinTrap,874,7,4229,2811
ResinTrap,876,7,4752,1498
ResinTrap,881,21,4740,1505
ResinTrap,893,36,4745,1528
ResinTrap,893,9,4745,1528
ResinTrap,894,7,5759,2417
ResinTrap,898,85,4711,1491
ResinTrap,899,7,6366,3025
ResinTrap,906,20,4738,1515
ResinTrap,907,39,4701,1531
ResinTrap,907,25,4697,1492
ResinTrap,907,13,4763,1527
ResinTrap,908,7,4700,1529
ResinTrap,912,59,4717,1541
ResinTrap,922,13,4704,1538
ResinTrap,929,13,4717,1433
ResinTrap,930,7,4692,1719
ResinTrap,968,7,6579,3043
ResinTrap,996,9,3892,3102
ResinTrap,1004,7,6472,2996
ResinTrap,1004,7,6471,2993
ResinTrap,1040,7,4415,1453
ResinTrap,1055,7,4644,1486
ResinTrap,1078,12,6342,2037
ResinTrap,1079,7,4798,1569
ResinTrap,1080,50,4797,1570
ResinTrap,1081,20,6283,2039
ResinTrap,1087,12,3493,3138
ResinTrap,1087,9,1453,2181
ResinTrap,1089,7,3503,3124
ResinTrap,1090,7,4760,1764
ResinTrap,1098,9,3382,3153
ResinTrap,1098,9,1341,2196
ResinTrap,1106,28,6330,2069
ResinTrap,1109,7,6334,2062
ResinTrap,1120,10,4741,1796
ResinTrap,1120,7,6438,2792
ResinTrap,1122,13,1423,2214
ResinTrap,1122,7,3464,3172
ResinTrap,1136,13,6422,2620
ResinTrap,1136,12,6853,2225
ResinTrap,1136,7,6449,2710
ResinTrap,1137,7,6424,2637
ResinTrap,1138,7,6431,2671
ResinTrap,1138,7,6432,2674
ResinTrap,1139,18,6863,2304
ResinTrap,1147,20,6830,2260
ResinTrap,1149,13,7178,2452
ResinTrap,1149,7,6786,2254
ResinTrap,1151,64,6782,2253
ResinTrap,1153,7,7179,2452
ResinTrap,1157,70,6773,2246
ResinTrap,1158,7,6823,2779
ResinTrap,1159,13,6708,2543
ResinTrap,1160,21,6817,2764
ResinTrap,1163,64,6809,2251
ResinTrap,1168,20,6294,2114
ResinTrap,1168,7,6811,2238
ResinTrap,1170,55,6809,2235
ResinTrap,1170,7,6814,2232
ResinTrap,1171,22,6301,2395
ResinTrap,1179,7,6321,2106
ResinTrap,1181,7,6742,2246
ResinTrap,1182,20,6743,2247
ResinTrap,1182,7,6324,2109
ResinTrap,1191,23,4676,1547
ResinTrap,1191,7,4710,1541
ResinTrap,1193,7,6398,2133
ResinTrap,1195,7,6401,2135
ResinTrap,1198,7,6532,2679
ResinTrap,1198,7,6519,2704
ResinTrap,1199,17,6519,2683
ResinTrap,1202,22,1378,2117
ResinTrap,1203,12,6650,2649
ResinTrap,1211,7,6776,2271
ResinTrap,1212,13,1595,2223
ResinTrap,1213,12,1590,2198
ResinTrap,1213,12,3631,3154
ResinTrap,1213,9,3629,3150
ResinTrap,1213,7,4645,1505
ResinTrap,1213,7,1589,2193
ResinTrap,1214,15,1587,2187
ResinTrap,1214,12,3628,3144
ResinTrap,1217,7,6619,2639
ResinTrap,1225,12,6792,2306
ResinTrap,1226,7,4560,1470
ResinTrap,1230,7,6440,2593
ResinTrap,1234,10,6679,2623
ResinTrap,1234,7,6684,2605
ResinTrap,1235,10,6681,2616
ResinTrap,1235,7,6682,2612
ResinTrap,1239,13,6343,2172
ResinTrap,1239,13,6340,2177
ResinTrap,1241,13,6342,2174
ResinTrap,1251,12,6436,2494
ResinTrap,1255,12,6981,2492
ResinTrap,1260,7,6577,2676
ResinTrap,1261,44,6669,2617
ResinTrap,1266,13,6569,2687
ResinTrap,1271,7,6680,2521
ResinTrap,1275,63,6665,2587
ResinTrap,1278,121,6723,2247
ResinTrap,1284,39,6483,2045
ResinTrap,1285,7,6666,2058
ResinTrap,1287,18,6668,2066
ResinTrap,1287,7,6298,2025
ResinTrap,1293,10,6666,2081
ResinTrap,1301,7,6477,2039
ResinTrap,1304,37,6588,2646
ResinTrap,1305,7,6587,2656
ResinTrap,1306,20,6495,2661
ResinTrap,1307,145,6496,2656
ResinTrap,1308,7,6262,2510
ResinTrap,1312,58,6702,2080
ResinTrap,1312,22,6460,2622
ResinTrap,1312,7,6629,2518
ResinTrap,1313,7,6626,2526
ResinTrap,1318,17,6482,2611
ResinTrap,1319,20,6504,2652
ResinTrap,1319,10,6614,2576
ResinTrap,1320,7,6609,2597
ResinTrap,1321,7,6607,2606
ResinTrap,1324,23,6708,2106
ResinTrap,1324,7,6714,2256
ResinTrap,1325,43,6713,2257
ResinTrap,1325,7,6702,2240
ResinTrap,1327,23,6598,2585
ResinTrap,1327,14,6514,2608
ResinTrap,1327,10,6701,2240
ResinTrap,1332,17,6433,2052
ResinTrap,1332,7,6524,2590
ResinTrap,1334,94,6524,2586
ResinTrap,1335,19,6570,2582
ResinTrap,1335,7,6574,2593
ResinTrap,1339,9,6538,2578
ResinTrap,1340,7,6547,2570
ResinTrap,1367,7,6253,2238
ResinTrap,1372,13,6836,2811
ResinTrap,1412,10,6618,2256
ResinTrap,1438,7,6662,2226
ResinTrap,1451,9,6428,2140
ResinTrap,1460,28,6549,2259
ResinTrap,1481,9,6040,2364
ResinTrap,1483,17,6043,2363
ResinTrap,1490,7,6088,2214
ResinTrap,1493,7,6595,2285
ResinTrap,1494,18,6570,2256
ResinTrap,1498,17,6551,2219
ResinTrap,1503,155,6656,2142
ResinTrap,1511,7,6131,2393
ResinTrap,1514,7,6204,2195
ResinTrap,1519,7,6412,2052
ResinTrap,1520,398,6417,2057
ResinTrap,1521,7,6187,2340
ResinTrap,1544,30,6918,2732
ResinTrap,1548,16,6760,2304
ResinTrap,1550,15,6987,2649
ResinTrap,1551,14,6630,2243
ResinTrap,1554,12,6695,2383
ResinTrap,1555,9,6659,2328
ResinTrap,1557,7,6402,2201
ResinTrap,1562,12,6341,2232
ResinTrap,1563,24,6431,2157
ResinTrap,1563,7,6649,2320
ResinTrap,1563,7,6900,2448
ResinTrap,1565,27,6405,2168
ResinTrap,1565,25,6291,2229
ResinTrap,1565,7,6872,2434
ResinTrap,1566,7,6669,2338
ResinTrap,1569,7,6754,2428
ResinTrap,1570,7,6818,2463
SuctionCup,0,266983,6121,3046
SuctionCup,0,266983,6121,2046
SuctionCup,0,266982,6554,2296
SuctionCup,0,266982,6987,2046
SuctionCup,0,266958,4067,2768
SuctionCup,0,266957,3634,3018
SuctionCup,0,266957,3634,3518
SuctionCup,0,266942,1737,2478
SuctionCup,0,266942,7131,2129
SuctionCup,0,266942,2170,2228
SuctionCup,0,266942,6698,2379
SuctionCup,0,266942,5832,2379
SuctionCup,0,266942,1737,1978
SuctionCup,0,266940,7131,2629
SuctionCup,0,266940,6698,1879
SuctionCup,0,266935,1593,2561
SuctionCup,0,266935,1593,2061
SuctionCup,0,266933,2026,1811
SuctionCup,0,266930,2315,1978
SuctionCup,0,266930,1449,1978
SuctionCup,0,266928,583,2478
SuctionCup,0,266928,1016,1728
SuctionCup,0,266928,1016,2228
SuctionCup,0,266918,3634,3184
SuctionCup,0,266917,1160,2645
SuctionCup,0,266917,1593,2395
SuctionCup,0,266917,727,1895
SuctionCup,0,266917,2026,1645
SuctionCup,0,266917,1160,1645
SuctionCup,0,266917,2768,3184
SuctionCup,0,266900,2624,3101
SuctionCup,0,266900,6554,2962
SuctionCup,0,266900,3490,3101
SuctionCup,0,266900,3057,2851
SuctionCup,0,266900,3923,3351
SuctionCup,0,266900,6121,2712
SuctionCup,0,266900,3057,3351
SuctionCup,0,266900,4356,2601
SuctionCup,0,266900,3490,3601
SuctionCup,0,266900,6121,3212
SuctionCup,0,266898,5977,2129
SuctionCup,0,266898,6121,2212
SuctionCup,0,266898,6843,2129
SuctionCup,0,266898,5688,2462
SuctionCup,0,266898,6410,2879
SuctionCup,0,266898,5688,1962
SuctionCup,0,266898,6554,1962
SuctionCup,0,266898,5544,2379
SuctionCup,0,266898,6554,2462
SuctionCup,0,266898,6843,3129
SuctionCup,0,266895,727,2395
SuctionCup,0,266895,3345,3351
SuctionCup,0,266893,3778,2601
SuctionCup,0,266892,3778,3601
SuctionCup,0,266890,4416,1836
SuctionCup,0,266890,4211,2851
SuctionCup,0,266882,4309,1964
SuctionCup,0,266880,2315,1811
SuctionCup,0,266880,1882,1561
SuctionCup,0,266880,1449,1811
SuctionCup,0,266868,6698,2712
SuctionCup,0,266868,6265,2962
SuctionCup,0,266868,6265,1962
SuctionCup,0,266868,6698,3212
SuctionCup,0,266868,7131,2462
SuctionCup,0,266868,6698,2212
SuctionCup,0,266868,6265,2462
SuctionCup,0,266864,1016,2561
SuctionCup,0,266859,4409,1395
SuctionCup,0,266854,1016,2061
SuctionCup,0,266845,4202,2091
SuctionCup,0,266842,4723,571
SuctionCup,0,266842,5977,2296
SuctionCup,0,266842,6410,2046
SuctionCup,0,266841,4088,1778
SuctionCup,0,266840,3645,1407
SuctionCup,0,266840,6410,3046
SuctionCup,0,266836,4945,757
SuctionCup,0,266833,4131,1053
SuctionCup,0,266833,3980,1906
SuctionCup,0,266828,4345,797
SuctionCup,0,266818,3695,1123
SuctionCup,0,266812,4787,1169
SuctionCup,0,266810,4037,2062
SuctionCup,0,266809,4459,1111
SuctionCup,0,266809,4252,1807
SuctionCup,0,266807,3967,1024
SuctionCup,0,266804,4138,1494
SuctionCup,0,266802,4523,1708
SuctionCup,0,266797,5059,1070
SuctionCup,0,266794,3860,1152
SuctionCup,0,266772,4366,2120
SuctionCup,0,266771,4145,1935
SuctionCup,0,266770,3910,867
SuctionCup,0,266767,4801,2050
SuctionCup,0,266765,4730,1012
SuctionCup,0,266764,4295,1082
SuctionCup,0,266757,5008,1354
SuctionCup,0,266749,4630,1581
SuctionCup,0,266747,4395,513
SuctionCup,0,266747,4794,1609
SuctionCup,0,266741,4402,954
SuctionCup,0,266740,4895,1041
SuctionCup,0,266737,3702,1563
SuctionCup,0,266736,4231,484
SuctionCup,0,266736,4031,1621
SuctionCup,0,266735,4530,2149
SuctionCup,0,266734,4844,1325
SuctionCup,0,266731,4559,542
SuctionCup,0,266722,4473,1992
SuctionCup,0,266722,4958,1638
SuctionCup,0,266717,3923,1749
SuctionCup,0,266717,4245,1366
SuctionCup,0,266717,3809,1436
SuctionCup,0,266713,4573,1424
SuctionCup,0,266707,4074,896
SuctionCup,0,266702,3974,1465
SuctionCup,0,266658,5544,2546
SuctionCup,0,266633,4744,1894
SuctionCup,0,266600,1737,2645
SuctionCup,0,266598,1737,1645
SuctionCup,0,266598,2170,1895
SuctionCup,0,266585,4623,1140
SuctionCup,0,266559,1882,2228
SuctionCup,0,266522,1593,1895
SuctionCup,0,266514,3490,2601
SuctionCup,0,266485,4466,1552
SuctionCup,0,266362,6987,2379
SuctionCup,0,266362,6554,2629
SuctionCup,0,266362,5688,2629
SuctionCup,0,266361,6121,1879
SuctionCup,0,266356,6698,2046
SuctionCup,0,266356,5832,2046
SuctionCup,0,266356,7131,2296
SuctionCup,0,266356,6265,2296
SuctionCup,0,266354,5832,3046
SuctionCup,0,266354,6265,2796
SuctionCup,0,266354,7131,2796
SuctionCup,0,266316,1449,2145
SuctionCup,0,266316,1449,2645
SuctionCup,0,266316,1882,2395
SuctionCup,0,266316,2315,1645
SuctionCup,0,266316,583,2145
SuctionCup,0,266316,1016,1895
SuctionCup,0,266316,1016,2395
SuctionCup,0,266312,3490,2768
SuctionCup,0,266312,3923,2518
SuctionCup,0,266312,4356,2768
SuctionCup,0,266310,1304,2395
SuctionCup,0,266303,3057,3518
SuctionCup,0,266293,3057,3018
SuctionCup,0,266289,3490,2934
SuctionCup,0,266289,4356,2934
SuctionCup,0,266287,3057,2684
SuctionCup,0,266287,3057,3184
SuctionCup,0,266286,3778,2768
SuctionCup,0,266286,2624,3434
SuctionCup,0,266286,4211,3018
SuctionCup,0,266286,2912,2768
SuctionCup,0,266284,3345,3518
SuctionCup,0,266279,3778,2934
SuctionCup,0,266279,4211,3184
SuctionCup,0,266279,3778,3434
SuctionCup,0,266277,6410,1879
SuctionCup,0,266274,1593,2228
SuctionCup,0,266274,727,2228
SuctionCup,0,266271,2170,2061
SuctionCup,0,266271,1737,1811
SuctionCup,0,266271,6699,2546
SuctionCup,0,266269,871,1811
SuctionCup,0,266269,1304,2561
SuctionCup,0,266252,6843,2462
SuctionCup,0,266252,6410,2212
SuctionCup,0,266252,5544,2212
SuctionCup,0,266252,6843,1962
SuctionCup,0,266251,6410,2712
SuctionCup,0,266249,5977,2962
SuctionCup,0,265945,5832,1879
SuctionCup,0,265937,1449,1645
SuctionCup,0,265921,3923,3184
SuctionCup,0,265829,4566,983
SuctionCup,0,265825,583,2311
SuctionCup,0,265819,3201,3434
SuctionCup,0,265692,2768,2851
SuctionCup,0,265692,3634,3351
SuctionCup,0,265692,4067,2601
SuctionCup,0,265690,3201,3601
SuctionCup,0,265690,3201,2601
SuctionCup,0,265685,4509,826
SuctionCup,0,265673,2768,3351
SuctionCup,0,265613,6410,3212
SuctionCup,0,265313,3634,2851
SuctionCup,0,265269,2624,3268
SuctionCup,0,265201,1160,2478
SuctionCup,0,265105,4211,2518
SuctionCup,0,265105,2170,1561
SuctionCup,0,264732,4067,455
SuctionCup,0,264668,3634,2684
SuctionCup,0,264553,6987,2546
SuctionCup,0,264440,4238,925
SuctionCup,0,264175,7279,2546
SuctionCup,0,264061,1593,1728
SuctionCup,0,263867,3759,1720
SuctionCup,0,263820,4908,1923
SuctionCup,0,263027,3778,3101
SuctionCup,0,262938,2170,1728
SuctionCup,0,262864,1593,1561
SuctionCup,0,262799,3634,2518
SuctionCup,0,262763,1737,2145
SuctionCup,0,262686,4888,600
SuctionCup,0,262254,4211,2684
SuctionCup,0,261892,6698,3046
SuctionCup,0,261849,1160,2311
SuctionCup,0,261807,7276,2379
SuctionCup,0,261682,3201,3268
SuctionCup,0,260763,5116,1226
SuctionCup,0,259140,6554,3296
SuctionCup,0,258968,6554,1796
SuctionCup,0,258605,6554,2129
SuctionCup,0,257852,5688,2796
SuctionCup,0,257606,3781,3268
SuctionCup,0,257591,1740,2311
SuctionCup,0,257442,4580,1865
SuctionCup,0,257019,4181,769
SuctionCup,0,255586,5688,2296
SuctionCup,0,255000,3866,1592
SuctionCup,0,254899,5015,1795
SuctionCup,0,253901,5977,3129
SuctionCup,0,253441,4081,1337
SuctionCup,0,253354,3803,996
SuctionCup,0,253214,4951,1199
SuctionCup,0,252733,6554,3129
SuctionCup,0,252580,5977,1796
SuctionCup,0,250122,4687,1737
SuctionCup,0,249673,2768,3018
SuctionCup,0,249517,727,2561
SuctionCup,0,249391,727,2061
SuctionCup,0,249384,2768,3518
SuctionCup,0,249036,1882,2562
SuctionCup,0,248313,4781,728
SuctionCup,0,248302,5832,2215
SuctionCup,0,248300,3923,3518
SuctionCup,0,247536,4673,855
SuctionCup,0,245837,4680,1296
SuctionCup,0,245279,4067,2934
SuctionCup,0,245227,4851,1767
SuctionCup,0,244844,2026,1978
SuctionCup,0,244566,5977,1962
SuctionCup,0,244380,6843,2296
SuctionCup,0,242572,6987,2212
SuctionCup,0,242045,1882,2061
SuctionCup,0,241649,3923,3018
SuctionCup,0,240644,5832,2879
SuctionCup,0,239290,871,1980
SuctionCup,0,239195,2912,3601
SuctionCup,0,238952,871,2645
SuctionCup,0,238790,2912,2936
SuctionCup,0,236523,4124,612
SuctionCup,0,233134,4024,1180
SuctionCup,1161,127941,6657,2474
