Island,167,2,1796,2196
Island,174,3,1889,2186
Island,175,1,4540,2281
Island,176,1,4533,2277
Island,177,1,4526,2273
Island,178,1,4519,2269
Island,181,2,4497,2257
Island,189,179,7103,2879
Island,225,8,1819,2060
Island,230,39,6612,3238
Island,233,155,3890,2117
Island,267,1,4381,1973
Island,268,1,7510,2631
Island,269,122,7482,2454
Island,270,1,7517,2621
Island,270,1,4360,1961
Island,270,1,1684,1955
Island,271,1,7520,2617
Island,271,1,7521,2616
Island,272,1,7525,2612
Island,272,1,7458,2511
Island,273,2,7525,2611
Island,273,1,7527,2610
Island,274,2,7529,2608
Island,274,1,7532,2607
Island,275,3,7532,2606
Island,277,1,6494,2450
Island,279,3,7550,2604
Island,281,1,7559,2605
Island,282,1,4111,1893
Island,283,2,7565,2606
Island,283,1,4039,1881
Island,284,2,7569,2607
Island,285,2,7573,2608
Island,286,2,7577,2609
Island,287,2,7581,2610
Island,288,2,7585,2611
Island,289,2,7589,2612
Island,291,2,7596,2614
Island,292,2,7600,2615
Island,293,2,7604,2616
Island,298,1,4031,1833
Island,304,3,1560,1858
Island,304,1,1559,1857
Island,305,1,7462,2524
Island,305,1,7464,2523
Island,306,1,7644,2598
Island,308,1,7649,2587
Island,311,1,7658,2563
Island,312,1,7660,2556
Island,313,16,4769,1895
Island,313,1,6509,2501
Island,313,1,6511,2500
Island,314,2,7665,2538
Island,314,1,6761,2907
Island,314,1,6501,2506
Island,316,1,7669,2521
Island,319,1,1488,2071
Island,322,1,7674,2484
Island,324,1,7677,2479
Island,326,64,1897,2245
Island,328,62,7526,2461
Island,328,1,7525,2494
Island,330,1,6524,2531
Island,330,1,7527,2398
Island,341,1,7665,2466
Island,346,2,7674,2462
Island,355,1,1478,2106
Island,356,79,1477,2096
Island,378,4,5171,1722
Island,379,1,5150,1716
Island,380,230,7549,2424
Island,383,1,7520,2545
Island,395,208,7335,2480
Island,410,200,2026,2210
Island,435,25,1291,2244
Island,435,3,1288,2250
Island,441,1,1209,2295
Island,445,137,1423,2294
Island,448,24,1861,2106
Island,455,7,7146,3071
Island,455,1,7145,3077
Island,456,46,7143,3069
Island,458,18,7134,3096
Island,460,5,7111,3076
Island,461,57,7107,3071
Island,462,47,7153,3050
Island,469,106,1520,2088
Island,472,81,7030,3101
Island,481,14,7005,3105
Island,484,1,6997,3146
Island,484,1,6998,3145
Island,484,1,6999,3144
Island,485,1,4790,1987
Island,496,2,4175,1867
Island,503,12,6505,2858
Island,503,1,6509,2868
Island,503,1,4180,1876
Island,504,132,6476,2752
Island,505,1,4181,1877
Island,506,1,4182,1880
Island,507,1,4182,1878
Island,508,2,4183,1880
Island,510,1,4185,1885
Island,510,1,4184,1882
Island,511,1,4184,1881
Island,512,1,4185,1883
Island,513,1,4186,1886
Island,514,1,4186,1885
Island,515,1,4188,1890
Island,516,85,7178,3101
Island,517,2,4189,1891
Island,517,1,4188,1889
Island,519,89,7101,3100
Island,519,36,6549,2886
Island,519,1,4189,1891
Island,525,86,6574,2991
Island,528,18,6562,2882
Island,542,20,7577,2807
Island,546,12,6578,2857
Island,548,2,806,2454
Island,551,55,6598,2879
Island,563,26,7163,3213
Island,564,87,6614,3175
Island,564,8,6642,3144
Island,565,1,6589,3126
Island,565,1,6591,3125
Island,565,1,6592,3124
Island,565,1,6593,3123
Island,566,245,6574,3109
Island,567,1,7278,3085
Island,572,1,6667,3172
Island,574,69,2066,3053
Island,574,1,2090,3063
Island,575,1,7307,3069
Island,576,90,6675,3104
Island,578,1,7316,3064
Island,582,1,7178,3244
Island,586,226,2060,3071
Island,588,10,6695,3108
Island,588,5,6691,3096
Island,588,2,6697,3116
Island,588,2,6690,3094
Island,595,2,6583,3228
Island,597,35,6525,3187
Island,613,125,1657,2212
Island,614,89,6630,3221
Island,617,1,1736,2237
Island,623,203,6656,3244
Island,626,86,7264,2454
Island,626,1,4023,2210
Island,627,204,7301,2448
Island,627,1,4027,2214
Island,634,1,7778,2923
Island,643,2,1637,2401
Island,643,2,1640,2397
Island,643,1,1633,2407
Island,643,1,1635,2404
Island,643,1,1636,2403
Island,643,1,1638,2400
Island,643,1,1639,2399
Island,643,1,1641,2396
Island,643,1,1642,2395
Island,643,1,1644,2392
Island,644,2,7247,3229
Island,644,1,1625,2416
Island,644,1,1650,2381
Island,645,1,6725,3276
Island,645,1,7267,3223
Island,647,1,1608,2433
Island,648,23,1662,2275
Island,648,1,1602,2438
Island,648,1,1603,2437
Island,648,1,1670,2281
Island,649,1,7305,3211
Island,650,49,7241,2607
Island,654,50,2148,3013
Island,654,1,7325,3203
Island,655,1,7328,3201
Island,656,1,7275,2592
Island,658,42,6733,3308
Island,659,1,6785,3525
Island,659,1,4147,2256
Island,659,1,4146,2255
Island,660,1,4151,2257
Island,660,1,4150,2256
Island,660,1,4149,2255
Island,661,1,4154,2257
Island,661,1,4153,2256
Island,661,1,4152,2255
Island,662,1,4157,2257
Island,662,1,4156,2256
Island,663,1,1757,2262
Island,663,1,4160,2257
Island,664,1,1759,2259
Island,664,1,4197,1965
Island,664,1,4196,1964
Island,664,1,4195,1963
Island,665,37,4194,1963
Island,665,1,7413,2560
Island,666,23,6754,3309
Island,666,1,6753,3318
Island,666,1,6722,2427
Island,666,1,1763,2253
Island,671,1,4176,2265
Island,673,25,7276,2573
Island,673,1,4180,2270
Island,673,1,4179,2268
Island,673,1,4178,2266
Island,674,1,4181,2270
Island,674,1,4180,2268
Island,675,4,4231,2037
Island,675,1,4228,2046
Island,675,1,4217,2036
Island,675,1,4216,2035
Island,675,1,4214,2033
Island,677,12,4212,2032
Island,677,1,4223,2042
Island,677,1,4222,2041
Island,677,1,4221,2040
Island,677,1,4220,2039
Island,677,1,4219,2038
Island,677,1,4211,2031
Island,679,103,6777,3332
Island,679,1,4406,1955
Island,681,2,4146,2005
Island,684,1,7403,2561
Island,685,1,4406,1960
Island,686,1,4406,1961
Island,687,13,1982,3130
Island,687,1,4406,1962
Island,688,1,4406,1963
Island,689,11,2042,3160
Island,689,1,4406,1964
Island,689,1,4407,1963
Island,690,1,4406,1965
Island,690,1,4407,1964
Island,691,1,4406,1966
Island,691,1,4407,1965
Island,692,121,7179,3353
Island,701,2,2010,3154
Island,701,1,2008,3153
Island,703,12,7126,3492
Island,703,1,7252,3463
Island,707,1,7258,3492
Island,711,1,7243,3508
Island,711,1,7244,3507
Island,719,1,1987,3147
Island,722,116,6873,3386
Island,723,131,7061,3449
Island,723,1,7095,3475
Island,723,1,7060,3448
Island,723,1,7059,3447
Island,723,1,7370,3419
Island,723,1,6866,3417
Island,726,88,7335,3480
Island,731,5,7329,3511
Island,731,2,7325,3511
Island,731,2,7323,3510
Island,731,1,7328,3512
Island,732,1,6995,3388
Island,734,6,999,2370
Island,735,26,997,2367
Island,745,1,1011,2389
Island,748,80,3764,2341
Island,752,70,956,2385
Island,752,1,985,2393
Island,754,166,4215,2007
Island,756,60,4258,1946
Island,760,636,7585,3190
Island,770,1,7347,3072
Island,771,2,1091,2428
Island,790,192,7600,3046
Island,792,14,1250,2437
Island,812,62,3869,2519
Island,812,16,1024,2430
Island,819,91,4791,2323
Island,823,1,4761,2361
Island,824,3,4809,2273
Island,824,2,4814,2274
Island,824,1,4820,2275
Island,835,146,4583,1960
Island,839,1,1093,2388
Island,840,70,7560,3044
Island,840,1,7559,3064
Island,856,1,1777,2432
Island,856,1,1776,2431
Island,856,1,1775,2430
Island,856,1,1774,2429
Island,856,1,1773,2428
Island,858,48,3893,2347
Island,859,37,1166,2441
Island,859,1,1165,2459
Island,860,10,1490,2368
Island,860,1,4808,2161
Island,862,83,1180,2456
Island,865,74,5062,2190
Island,865,1,4279,2258
Island,865,1,5080,2201
Island,866,102,3777,2345
Island,869,5,7607,3017
Island,869,4,7614,3017
Island,869,1,7604,3018
Island,869,1,7612,3017
Island,870,233,7588,3015
Island,882,1,4777,2121
Island,883,1,4783,2116
Island,885,103,1786,2716
Island,885,1,1807,2715
Island,888,75,989,2537
Island,888,45,7581,3010
Island,888,6,7549,3033
Island,889,186,7541,3024
Island,891,7,7567,3014
Island,893,1,7519,3086
Island,894,93,7514,3074
Island,904,82,1839,2669
Island,912,73,7562,3146
Island,913,32,5112,2235
Island,913,1,4696,2084
Island,921,48,7660,3014
Island,924,76,7663,3055
Island,924,28,7572,3163
Island,924,1,7584,3162
Island,929,105,1857,2580
Island,933,78,7653,3108
Island,934,1,7607,3167
Island,934,1,7609,3166
Island,939,56,1329,2606
Island,939,1,1328,2623
Island,945,14,1533,2448
Island,945,1,1532,2447
Island,946,39,1344,2623
Island,948,1,1364,2604
Island,980,1,988,2743
Island,981,41,988,2738
Island,989,15,5080,2315
Island,994,15,7517,3019
Island,995,1,4388,2315
Island,1001,1,7509,3034
Island,1001,1,7508,3033
Island,1029,318,7323,3461
Island,1033,58,5045,2347
Island,1033,1,5063,2359
Island,1047,14,1805,2872
Island,1078,11,5107,2402
Island,1079,195,5102,2397
Island,1082,36,1574,2634
Island,1086,17,4396,2132
Island,1087,32,5119,2436
Island,1089,1,1302,3012
Island,1099,36,1448,3186
Island,1102,91,1588,3179
Island,1117,1,1225,3056
Island,1163,132,5129,2495
Island,1164,71,1545,2999
Island,1180,1,4987,2438
Island,1189,31,4318,2668
Island,1218,4,4166,2679
Island,1218,1,4165,2678
Island,1218,1,4164,2677
Island,1219,51,4157,2673
Island,1223,1,4517,2292
Island,1231,1,4514,2310
Island,1238,25,4538,2794
Island,1255,45,4613,2442
Island,1258,67,4992,2554
Island,1277,1,4238,2565
Island,1282,6,4331,2379
Island,1292,104,4477,2854
Island,1300,3,4283,2542
Island,1301,30,4283,2539
Island,1319,109,5048,2603
Island,1325,1,4649,2530
Island,1326,15,4647,2528
Island,1360,113,5018,2654
ResinTrap,24,24,1989,2701
ResinTrap,24,24,1600,2701
ResinTrap,24,24,5116,2704
ResinTrap,24,23,628,2507
ResinTrap,24,23,7623,3504
ResinTrap,24,23,823,2701
ResinTrap,24,23,7040,3699
ResinTrap,24,23,7429,3699
ResinTrap,24,23,1212,2701
ResinTrap,24,23,1017,2118
ResinTrap,24,23,1212,3090
ResinTrap,24,23,7623,3310
ResinTrap,24,22,1406,3284
ResinTrap,24,22,1795,3284
ResinTrap,180,7,7355,2390
ResinTrap,183,7,6469,2335
ResinTrap,196,7,6464,2340
ResinTrap,200,13,1719,2102
ResinTrap,218,9,6442,2425
ResinTrap,219,7,7453,2180
ResinTrap,226,24,1406,2895
ResinTrap,226,24,5311,2704
ResinTrap,226,23,7429,3504
ResinTrap,226,23,1795,3090
ResinTrap,226,23,7623,3504
ResinTrap,226,23,7623,3310
ResinTrap,226,23,7234,3699
ResinTrap,226,22,5116,2899
ResinTrap,226,22,1212,3090
ResinTrap,226,22,1601,3090
ResinTrap,226,22,1212,3284
ResinTrap,226,22,1406,3284
ResinTrap,226,7,7462,2270
ResinTrap,228,7,7330,2621
ResinTrap,228,7,7332,2618
ResinTrap,232,27,1781,2124
ResinTrap,232,7,6485,2376
ResinTrap,233,10,7524,2152
ResinTrap,234,7,1860,2089
ResinTrap,241,43,2002,2071
ResinTrap,241,13,2016,2074
ResinTrap,241,7,1997,2070
ResinTrap,244,21,1027,2291
ResinTrap,245,10,6840,3287
ResinTrap,247,7,996,2317
ResinTrap,247,7,995,2322
ResinTrap,248,18,6868,3306
ResinTrap,248,14,1429,2504
ResinTrap,248,7,1385,2505
ResinTrap,250,13,1237,2506
ResinTrap,253,12,6877,3297
ResinTrap,254,7,7269,3101
ResinTrap,255,7,1243,2500
ResinTrap,255,7,2155,2900
ResinTrap,256,7,1245,2497
ResinTrap,257,7,6889,3291
ResinTrap,257,7,2151,2907
ResinTrap,257,7,1240,2314
ResinTrap,258,7,2181,2929
ResinTrap,258,7,6830,3295
ResinTrap,260,13,2174,2933
ResinTrap,260,7,7630,2957
ResinTrap,260,7,6826,3301
ResinTrap,260,7,6828,3298
ResinTrap,261,45,1416,2478
ResinTrap,263,7,1423,2489
ResinTrap,268,13,827,2550
ResinTrap,268,12,1460,2487
ResinTrap,268,7,1457,2490
ResinTrap,269,10,3552,2295
ResinTrap,271,19,7492,2434
ResinTrap,272,33,3568,2310
ResinTrap,275,25,3581,2307
ResinTrap,275,23,1163,2502
ResinTrap,276,7,3577,2309
ResinTrap,276,7,6859,3293
ResinTrap,276,7,6856,3291
ResinTrap,277,33,3594,2283
ResinTrap,277,7,6708,2159
ResinTrap,278,7,1237,2162
ResinTrap,279,30,6643,2199
ResinTrap,279,27,1201,2499
ResinTrap,279,7,1599,2477
ResinTrap,280,7,6679,2185
ResinTrap,281,7,3563,2325
ResinTrap,282,22,1601,2482
ResinTrap,282,7,1643,2474
ResinTrap,283,7,1434,2453
ResinTrap,283,7,7447,2386
ResinTrap,283,7,3564,2323
ResinTrap,284,119,7432,2378
ResinTrap,285,56,6623,2191
ResinTrap,285,36,1391,2472
ResinTrap,286,29,3767,1990
ResinTrap,286,13,1400,2470
ResinTrap,286,7,7410,2389
ResinTrap,288,7,1196,2490
ResinTrap,289,32,6857,2369
ResinTrap,289,17,845,2196
ResinTrap,289,7,1387,2477
ResinTrap,289,7,848,2523
ResinTrap,290,20,3613,2731
ResinTrap,290,20,6673,2150
ResinTrap,290,10,6674,2145
ResinTrap,292,48,7068,2380
ResinTrap,292,33,1045,2338
ResinTrap,292,10,6614,2198
ResinTrap,292,7,3627,2142
ResinTrap,292,7,6629,2199
ResinTrap,292,7,1610,2487
ResinTrap,292,7,6632,2201
ResinTrap,293,7,845,2522
ResinTrap,294,65,6328,3122
ResinTrap,294,18,1051,2335
ResinTrap,294,16,842,2520
ResinTrap,296,33,3577,2259
ResinTrap,296,32,6650,2167
ResinTrap,296,20,3577,2252
ResinTrap,296,9,7100,2380
ResinTrap,296,7,6864,2380
ResinTrap,296,7,6545,2510
ResinTrap,297,20,3774,2012
ResinTrap,297,10,4887,1976
ResinTrap,297,7,3773,2008
ResinTrap,298,68,7027,2383
ResinTrap,298,10,7638,2929
ResinTrap,298,7,3780,1989
ResinTrap,299,16,1231,2488
ResinTrap,300,7,1687,2487
ResinTrap,301,48,7245,3095
ResinTrap,302,68,7033,2370
ResinTrap,302,65,6658,2190
ResinTrap,302,42,1027,2338
ResinTrap,302,20,1226,2171
ResinTrap,302,13,7009,2196
ResinTrap,303,7,7252,3101
ResinTrap,303,7,7011,2193
ResinTrap,304,23,7034,2365
ResinTrap,306,57,6838,2313
ResinTrap,307,48,6852,2316
ResinTrap,307,33,6351,3129
ResinTrap,307,7,6335,3112
ResinTrap,308,66,7613,2899
ResinTrap,308,33,1686,2486
ResinTrap,309,70,6823,2330
ResinTrap,310,54,1364,2434
ResinTrap,310,43,7226,3094
ResinTrap,310,7,1403,2421
ResinTrap,310,7,3592,2261
ResinTrap,310,7,3589,2259
ResinTrap,312,62,6694,2172
ResinTrap,312,7,6860,2312
ResinTrap,313,10,6993,2169
ResinTrap,313,7,829,2529
ResinTrap,313,7,6896,3243
ResinTrap,313,7,1861,2158
ResinTrap,313,7,6899,3249
ResinTrap,313,7,4901,1988
ResinTrap,313,7,7030,2401
ResinTrap,314,33,1636,2423
ResinTrap,314,19,1634,2429
ResinTrap,314,17,3751,2012
ResinTrap,314,7,1227,2458
ResinTrap,314,7,1404,2421
ResinTrap,317,57,7615,2915
ResinTrap,317,7,1405,2422
ResinTrap,317,7,7606,2894
ResinTrap,318,7,4774,1901
ResinTrap,319,17,1256,2159
ResinTrap,319,7,4927,1939
ResinTrap,319,7,1255,2164
ResinTrap,319,7,3627,2317
ResinTrap,320,78,6829,2345
ResinTrap,320,7,6696,2183
ResinTrap,321,7,7074,2370
ResinTrap,322,15,4780,1914
ResinTrap,322,7,3621,2315
ResinTrap,323,13,6827,2356
ResinTrap,324,7,6826,2337
ResinTrap,326,13,1370,2436
ResinTrap,326,13,7218,3080
ResinTrap,326,7,6830,2320
ResinTrap,327,7,6832,2299
ResinTrap,327,7,7626,2889
ResinTrap,327,7,7220,3083
ResinTrap,328,10,7099,2396
ResinTrap,330,7,1896,2230
ResinTrap,331,16,7216,3103
ResinTrap,332,15,4886,2017
ResinTrap,333,13,6908,2368
ResinTrap,333,7,1216,2488
ResinTrap,334,18,1628,2424
ResinTrap,334,7,1015,2335
ResinTrap,335,10,1218,2487
ResinTrap,336,7,7605,2924
ResinTrap,336,7,7630,2925
ResinTrap,337,10,4150,1771
ResinTrap,337,7,1010,2334
ResinTrap,337,7,7622,2921
ResinTrap,338,25,7066,2421
ResinTrap,338,12,1293,2159
ResinTrap,338,7,7069,2420
ResinTrap,338,7,1234,2465
ResinTrap,338,7,1233,2460
ResinTrap,339,13,1366,2401
ResinTrap,340,33,7254,3066
ResinTrap,341,7,7626,2923
ResinTrap,345,18,7633,2948
ResinTrap,345,7,7633,2951
ResinTrap,345,7,6727,2177
ResinTrap,346,27,6722,2178
ResinTrap,347,30,1817,2323
ResinTrap,351,65,6470,2525
ResinTrap,351,7,7213,3115
ResinTrap,354,18,1310,2173
ResinTrap,355,17,4941,1829
ResinTrap,355,13,4142,1750
ResinTrap,356,7,4143,1747
ResinTrap,357,104,6875,2342
ResinTrap,357,66,6864,2330
ResinTrap,357,13,7570,2916
ResinTrap,357,7,7572,2919
ResinTrap,359,17,6863,2325
ResinTrap,360,91,6403,2441
ResinTrap,360,34,7184,3132
ResinTrap,360,22,1499,2106
ResinTrap,361,37,7224,3136
ResinTrap,362,33,4863,2049
ResinTrap,362,7,4875,2048
ResinTrap,362,7,7055,2395
ResinTrap,362,7,4860,2051
ResinTrap,363,23,3789,2001
ResinTrap,363,17,6744,3217
ResinTrap,363,12,1027,2372
ResinTrap,365,7,6710,2151
ResinTrap,366,7,1024,2385
ResinTrap,367,18,1032,2330
ResinTrap,367,13,1122,2315
ResinTrap,367,7,6885,2342
ResinTrap,369,40,4126,1757
ResinTrap,370,17,1025,2384
ResinTrap,370,7,3965,2086
ResinTrap,371,13,1564,2486
ResinTrap,371,10,3974,2088
ResinTrap,372,7,3989,2091
ResinTrap,372,7,3993,2092
ResinTrap,372,7,3997,2093
ResinTrap,373,7,6412,2415
ResinTrap,374,17,6423,2401
ResinTrap,376,32,1392,2489
ResinTrap,377,13,1545,2030
ResinTrap,378,13,1550,2029
ResinTrap,379,13,1555,2028
ResinTrap,380,47,1560,2025
ResinTrap,380,7,3676,2272
ResinTrap,381,17,7544,2471
ResinTrap,382,13,3673,2269
ResinTrap,382,7,7537,2486
ResinTrap,383,7,1567,2022
ResinTrap,386,7,1209,2434
ResinTrap,387,20,1209,2433
ResinTrap,387,12,7487,2551
ResinTrap,387,7,7492,2545
ResinTrap,387,7,7490,2548
ResinTrap,389,47,1400,2486
ResinTrap,389,10,1592,2014
ResinTrap,389,7,7117,2459
ResinTrap,390,50,6414,2927
ResinTrap,392,13,6904,2381
ResinTrap,392,7,1561,2014
ResinTrap,396,7,6700,3234
ResinTrap,396,7,7172,2388
ResinTrap,399,7,1041,2325
ResinTrap,399,7,1589,2061
ResinTrap,401,145,6695,3218
ResinTrap,403,7,6696,3228
ResinTrap,412,7,6443,2964
ResinTrap,414,7,6327,2120
ResinTrap,415,7,6444,2965
ResinTrap,416,7,3760,2047
ResinTrap,416,7,3756,2037
ResinTrap,417,13,6443,2967
ResinTrap,417,7,7473,2572
ResinTrap,419,7,1584,2085
ResinTrap,420,7,6882,2366
ResinTrap,421,30,6883,2362
ResinTrap,421,7,1591,2087
ResinTrap,422,7,3757,2043
ResinTrap,423,7,3759,2048
ResinTrap,424,13,7178,3130
ResinTrap,425,7,2024,2223
ResinTrap,425,7,1831,2352
ResinTrap,426,30,6445,2887
ResinTrap,426,25,1643,2317
ResinTrap,427,7,3758,2048
ResinTrap,428,23,5311,2899
ResinTrap,428,23,4922,2899
ResinTrap,428,23,5311,2510
ResinTrap,428,22,1212,3090
ResinTrap,428,14,5116,2705
ResinTrap,428,13,7179,3128
ResinTrap,430,7,1534,2388
ResinTrap,431,14,6481,2455
ResinTrap,444,7,6991,2397
ResinTrap,446,13,7226,3125
ResinTrap,446,13,6855,2344
ResinTrap,447,7,837,2313
ResinTrap,447,7,834,2315
ResinTrap,448,12,7232,3129
ResinTrap,449,16,3371,2489
ResinTrap,449,7,1030,2685
ResinTrap,450,29,1032,2688
ResinTrap,451,10,1598,2692
ResinTrap,456,7,1069,2337
ResinTrap,458,10,1596,2677
ResinTrap,459,15,1799,2502
ResinTrap,461,17,1418,2261
ResinTrap,464,13,1600,2706
ResinTrap,464,7,1601,2711
ResinTrap,465,7,3388,2502
ResinTrap,465,7,1617,2498
ResinTrap,466,29,3385,2497
ResinTrap,466,12,1615,2722
ResinTrap,466,7,1620,2506
ResinTrap,467,25,1615,2722
ResinTrap,467,7,1618,2731
ResinTrap,467,7,7262,3102
ResinTrap,468,23,1810,2493
ResinTrap,468,7,1010,2403
ResinTrap,469,7,1380,2694
ResinTrap,469,7,1378,2691
ResinTrap,470,43,7472,3304
ResinTrap,470,10,1788,2939
ResinTrap,470,10,1806,2516
ResinTrap,470,10,2179,3080
ResinTrap,471,12,1609,2719
ResinTrap,471,9,1399,2171
ResinTrap,475,7,7287,3490
ResinTrap,477,7,7287,3493
ResinTrap,478,7,1228,2495
ResinTrap,479,7,3979,2130
ResinTrap,480,7,7113,2544
ResinTrap,481,7,3980,2131
ResinTrap,483,37,6828,3504
ResinTrap,483,10,1803,2952
ResinTrap,483,7,3983,2133
ResinTrap,484,20,3984,2134
ResinTrap,485,7,1391,2698
ResinTrap,486,70,4042,2158
ResinTrap,486,20,3989,2137
ResinTrap,486,13,1799,2914
ResinTrap,486,10,1386,2697
ResinTrap,486,10,6847,3304
ResinTrap,486,7,6904,3501
ResinTrap,486,7,4055,2161
ResinTrap,487,53,4076,2170
ResinTrap,487,13,4061,2164
ResinTrap,487,13,4066,2166
ResinTrap,487,13,4071,2168
ResinTrap,488,7,6908,3494
ResinTrap,489,17,4034,2156
ResinTrap,489,13,4029,2155
ResinTrap,489,7,1758,2236
ResinTrap,490,32,6840,3505
ResinTrap,490,13,3998,2143
ResinTrap,491,13,4006,2147
ResinTrap,491,7,1803,2875
ResinTrap,492,53,4008,2149
ResinTrap,492,13,4099,2184
ResinTrap,492,12,7258,3316
ResinTrap,493,10,1993,3041
ResinTrap,495,7,2165,3107
ResinTrap,497,7,1591,2894
ResinTrap,498,13,4105,2191
ResinTrap,498,7,7662,2784
ResinTrap,500,63,1967,3059
ResinTrap,500,7,7662,2783
ResinTrap,503,13,4109,2196
ResinTrap,503,7,7661,2781
ResinTrap,504,42,7224,3499
ResinTrap,505,30,7151,3063
ResinTrap,505,18,1966,2895
ResinTrap,505,7,6818,3484
ResinTrap,505,7,1966,2895
ResinTrap,505,7,7661,2780
ResinTrap,507,7,7264,3488
ResinTrap,508,20,4113,2201
ResinTrap,508,7,7142,3061
ResinTrap,508,7,7660,2778
ResinTrap,511,7,7006,3102
ResinTrap,511,7,7002,3103
ResinTrap,512,30,7004,3101
ResinTrap,512,7,7467,2538
ResinTrap,513,27,4117,2206
ResinTrap,513,12,1391,2729
ResinTrap,513,7,6515,2769
ResinTrap,514,18,1787,2905
ResinTrap,514,7,6882,3492
ResinTrap,515,20,2202,3108
ResinTrap,516,86,3439,2483
ResinTrap,517,12,6884,3494
ResinTrap,519,7,3644,2632
ResinTrap,520,17,6495,2975
ResinTrap,520,7,6516,3063
ResinTrap,522,17,6514,2722
ResinTrap,522,13,6513,2717
ResinTrap,522,10,6507,2684
ResinTrap,522,10,6508,2690
ResinTrap,522,10,6512,2712
ResinTrap,522,7,6511,2707
ResinTrap,522,7,6509,2696
ResinTrap,522,7,6510,2701
ResinTrap,523,33,1996,2218
ResinTrap,523,17,6513,2974
ResinTrap,523,7,6504,2651
ResinTrap,524,12,7612,3122
ResinTrap,525,30,6528,2973
ResinTrap,525,10,7273,3298
ResinTrap,525,7,6517,2351
ResinTrap,525,7,3455,2475
ResinTrap,526,13,6506,2373
ResinTrap,526,10,6479,2457
ResinTrap,526,7,6802,3285
ResinTrap,527,23,6800,3287
ResinTrap,527,17,6487,2426
ResinTrap,527,7,7445,3132
ResinTrap,527,7,6496,2402
ResinTrap,527,7,1058,2321
ResinTrap,527,7,6484,2439
ResinTrap,528,7,4126,2219
ResinTrap,529,60,7651,3121
ResinTrap,531,7,7648,3096
ResinTrap,531,7,1795,2944
ResinTrap,532,39,7618,3099
ResinTrap,532,7,4128,2222
ResinTrap,533,10,6560,3006
ResinTrap,533,7,1981,2315
ResinTrap,533,7,1978,2317
ResinTrap,534,50,7614,3093
ResinTrap,534,18,1974,3061
ResinTrap,534,13,7616,3096
ResinTrap,534,7,1977,3063
ResinTrap,534,7,7214,3518
ResinTrap,535,12,7176,3079
ResinTrap,537,7,7661,3124
ResinTrap,538,7,4129,2225
ResinTrap,538,7,1661,2224
ResinTrap,538,7,1092,2337
ResinTrap,538,7,7215,3514
ResinTrap,539,60,7640,3131
ResinTrap,541,10,7090,3104
ResinTrap,543,7,4129,2227
ResinTrap,544,57,6540,2675
ResinTrap,544,28,7106,3092
ResinTrap,544,7,7647,3127
ResinTrap,544,7,7644,3129
ResinTrap,545,10,6545,2707
ResinTrap,546,17,6542,2669
ResinTrap,546,12,6464,2778
ResinTrap,546,9,6564,2765
ResinTrap,546,7,6541,2657
ResinTrap,547,7,6543,2663
ResinTrap,549,7,6577,2967
ResinTrap,551,17,4777,2050
ResinTrap,551,7,4131,2231
ResinTrap,551,7,1919,2338
ResinTrap,552,12,6468,2804
ResinTrap,553,7,1909,2185
ResinTrap,554,7,7097,3107
ResinTrap,555,30,7654,3105
ResinTrap,555,12,6569,2753
ResinTrap,556,10,1861,2238
ResinTrap,556,10,6579,2966
ResinTrap,556,7,1892,2327
ResinTrap,557,7,6464,2828
ResinTrap,557,7,1859,2242
ResinTrap,558,7,1867,2301
ResinTrap,559,37,1526,2345
ResinTrap,559,27,6519,3192
ResinTrap,559,20,1857,2279
ResinTrap,559,18,1521,2342
ResinTrap,559,18,7462,3149
ResinTrap,559,10,1856,2247
ResinTrap,559,7,7460,3148
ResinTrap,560,7,4135,2236
ResinTrap,561,30,7487,3291
ResinTrap,561,13,1630,2265
ResinTrap,562,7,6474,2977
ResinTrap,567,7,4138,2240
ResinTrap,567,7,6531,3206
ResinTrap,569,28,6481,2886
ResinTrap,569,18,7244,3512
ResinTrap,569,13,7634,3131
ResinTrap,569,7,7625,3128
ResinTrap,570,7,6536,3190
ResinTrap,573,7,7627,3129
ResinTrap,574,7,6591,2624
ResinTrap,575,17,7629,3130
ResinTrap,575,7,4141,2244
ResinTrap,580,23,6496,2820
ResinTrap,580,17,6583,2520
ResinTrap,580,7,1455,2362
ResinTrap,581,7,7221,3449
ResinTrap,582,7,6509,2857
ResinTrap,583,99,6549,3179
ResinTrap,583,13,7222,3447
ResinTrap,583,7,3816,2580
ResinTrap,584,40,6552,3173
ResinTrap,585,18,7244,3479
ResinTrap,585,9,6522,2843
ResinTrap,588,17,6644,3117
ResinTrap,589,12,4657,2069
ResinTrap,592,18,7481,3324
ResinTrap,593,7,4142,2249
ResinTrap,593,7,7428,2843
ResinTrap,594,13,6645,3072
ResinTrap,595,7,6622,2539
ResinTrap,598,7,6535,3204
ResinTrap,600,12,6540,2882
ResinTrap,605,15,6677,3154
ResinTrap,609,18,7233,2454
ResinTrap,614,17,4191,2024
ResinTrap,616,12,7396,2913
ResinTrap,619,7,3872,2242
ResinTrap,619,7,7388,2925
ResinTrap,621,13,7383,2930
ResinTrap,621,7,4005,2198
ResinTrap,624,16,6672,3107
ResinTrap,624,12,7100,3251
ResinTrap,624,7,7382,2931
ResinTrap,625,7,4021,2211
ResinTrap,626,7,7099,3248
ResinTrap,629,78,7094,3239
ResinTrap,630,22,5116,2899
ResinTrap,630,22,5311,2510
ResinTrap,630,17,5311,2705
ResinTrap,637,7,1757,2958
ResinTrap,640,10,6556,3159
ResinTrap,641,7,1429,2463
ResinTrap,642,7,1425,2462
ResinTrap,643,10,7188,3238
ResinTrap,643,10,7176,3241
ResinTrap,643,7,6616,3086
ResinTrap,644,93,7200,3228
ResinTrap,644,7,1753,2961
ResinTrap,644,7,7172,3240
ResinTrap,644,7,7168,3241
ResinTrap,646,28,1480,2358
ResinTrap,646,9,6593,3096
ResinTrap,646,7,6568,3127
ResinTrap,646,7,7149,3242
ResinTrap,647,7,4446,2038
ResinTrap,647,7,7146,3241
ResinTrap,648,17,7139,3240
ResinTrap,648,7,6602,3099
ResinTrap,649,17,6533,3178
ResinTrap,649,10,7135,3240
ResinTrap,651,22,1582,2444
ResinTrap,655,487,2068,2962
ResinTrap,655,13,6887,2603
ResinTrap,655,7,1381,3085
ResinTrap,661,120,4430,2052
ResinTrap,661,17,2139,3011
ResinTrap,662,20,7447,3186
ResinTrap,663,20,4428,2055
ResinTrap,663,17,6535,3103
ResinTrap,663,13,4437,2051
ResinTrap,663,9,2137,3013
ResinTrap,664,7,1937,2233
ResinTrap,665,81,2094,2980
ResinTrap,666,13,4162,2246
ResinTrap,666,13,2071,2965
ResinTrap,666,7,2052,2971
ResinTrap,667,7,4160,2240
ResinTrap,668,7,1556,2252
ResinTrap,668,7,1544,2255
ResinTrap,670,7,4156,2223
ResinTrap,671,7,6619,3178
ResinTrap,672,13,6717,3157
ResinTrap,673,108,6676,3156
ResinTrap,673,20,6707,3156
ResinTrap,673,17,4170,2249
ResinTrap,673,13,6688,3159
ResinTrap,673,13,6699,3157
ResinTrap,673,13,6693,3158
ResinTrap,673,7,4041,2673
ResinTrap,674,13,6671,3161
ResinTrap,675,23,6647,3164
ResinTrap,675,7,4238,2002
ResinTrap,675,7,7230,2638
ResinTrap,676,104,4182,2268
ResinTrap,676,32,2084,2985
ResinTrap,677,18,4239,2012
ResinTrap,678,19,4219,2034
ResinTrap,678,12,7630,3300
ResinTrap,679,19,2105,3088
ResinTrap,679,9,1811,3269
ResinTrap,680,13,1945,2261
ResinTrap,680,7,1955,2266
ResinTrap,683,20,6936,2704
ResinTrap,683,12,6763,3336
ResinTrap,684,22,4192,2275
ResinTrap,684,7,1616,3257
ResinTrap,686,17,2105,3003
ResinTrap,686,7,6937,2705
ResinTrap,687,7,4203,2011
ResinTrap,687,7,2102,3021
ResinTrap,687,7,2111,2999
ResinTrap,688,7,4166,2025
ResinTrap,689,73,7455,3358
ResinTrap,689,7,2109,3027
ResinTrap,689,7,7454,3356
ResinTrap,690,15,2126,2995
ResinTrap,690,7,3956,3073
ResinTrap,690,7,2112,3030
ResinTrap,690,7,1745,2568
ResinTrap,691,7,1749,2572
ResinTrap,693,96,7347,2666
ResinTrap,693,25,1933,3015
ResinTrap,693,7,4541,2879
ResinTrap,693,7,2119,3021
ResinTrap,694,23,5096,2122
ResinTrap,694,7,4203,2281
ResinTrap,696,35,1426,3078
ResinTrap,697,44,7345,2661
ResinTrap,697,7,4206,2282
ResinTrap,698,7,1428,3083
ResinTrap,699,66,3420,2532
ResinTrap,699,9,4497,1961
ResinTrap,699,7,4208,2283
ResinTrap,700,28,7313,2665
ResinTrap,700,10,5096,2504
ResinTrap,702,10,4530,2878
ResinTrap,703,7,4206,1998
ResinTrap,704,9,4213,2285
ResinTrap,704,7,1430,3073
ResinTrap,705,23,4492,1962
ResinTrap,707,7,4207,1995
ResinTrap,708,7,4491,1967
ResinTrap,709,27,4219,2048
ResinTrap,710,23,4225,2050
ResinTrap,710,15,2022,3080
ResinTrap,711,7,4215,2046
ResinTrap,711,7,4212,2045
ResinTrap,712,7,4479,2859
ResinTrap,713,7,4184,2035
ResinTrap,714,7,4477,2856
ResinTrap,716,7,4475,2853
ResinTrap,717,7,6649,3278
ResinTrap,719,25,4148,2297
ResinTrap,720,7,4166,2300
ResinTrap,721,7,6658,3253
ResinTrap,725,17,6676,3213
ResinTrap,726,18,6666,3226
ResinTrap,726,13,6664,3231
ResinTrap,726,7,6670,3223
ResinTrap,728,7,4068,2286
ResinTrap,729,7,1985,3081
ResinTrap,730,30,4046,2263
ResinTrap,730,12,4055,2272
ResinTrap,732,21,6690,3314
ResinTrap,732,7,4032,2246
ResinTrap,735,23,6812,3432
ResinTrap,735,17,4505,2839
ResinTrap,737,78,4489,1956
ResinTrap,737,42,1405,3067
ResinTrap,737,7,3445,2562
ResinTrap,739,7,1414,3070
ResinTrap,740,40,1397,3043
ResinTrap,740,7,6833,3473
ResinTrap,741,45,4488,1960
ResinTrap,741,13,4531,1940
ResinTrap,743,27,1397,3040
ResinTrap,743,7,3453,2527
ResinTrap,744,7,4489,1958
ResinTrap,745,7,4532,1945
ResinTrap,745,7,2020,3036
ResinTrap,745,7,6871,2789
ResinTrap,745,7,3458,2519
ResinTrap,748,37,6821,3444
ResinTrap,749,7,6698,3265
ResinTrap,749,7,6931,3346
ResinTrap,750,22,1146,2429
ResinTrap,750,7,6704,3254
ResinTrap,754,7,6920,2945
ResinTrap,755,7,1153,2456
ResinTrap,756,17,1646,2314
ResinTrap,757,80,1712,2424
ResinTrap,758,132,3432,2592
ResinTrap,759,80,6951,3346
ResinTrap,759,23,6793,3416
ResinTrap,759,10,6844,3446
ResinTrap,761,18,1648,2318
ResinTrap,761,13,3949,2699
ResinTrap,761,7,4559,1967
ResinTrap,761,7,6953,3362
ResinTrap,763,20,3437,2600
ResinTrap,763,18,1392,3072
ResinTrap,764,7,1713,2432
ResinTrap,765,17,1401,3048
ResinTrap,765,13,7631,3206
ResinTrap,765,7,1712,2436
ResinTrap,766,7,7637,3214
ResinTrap,772,18,3986,2980
ResinTrap,772,18,968,2357
ResinTrap,773,38,7004,2916
ResinTrap,774,13,7031,2907
ResinTrap,774,7,7027,2910
ResinTrap,774,7,3429,2594
ResinTrap,774,7,3432,2596
ResinTrap,775,97,1645,2250
ResinTrap,775,7,1625,2255
ResinTrap,775,7,1195,2552
ResinTrap,776,7,1208,2531
ResinTrap,777,13,1639,2251
ResinTrap,777,7,7003,2916
ResinTrap,778,44,7316,3067
ResinTrap,779,7,1659,2256
ResinTrap,780,12,7239,2992
ResinTrap,781,20,4251,2044
ResinTrap,782,7,7328,3094
ResinTrap,782,7,3485,2619
ResinTrap,784,50,7171,2960
ResinTrap,784,17,7164,2959
ResinTrap,784,7,6981,3010
ResinTrap,785,7,7321,3084
ResinTrap,785,7,1716,2299
ResinTrap,788,25,7033,2980
ResinTrap,788,17,7028,2983
ResinTrap,788,7,7040,2979
ResinTrap,788,7,6994,2998
ResinTrap,789,13,6998,2994
ResinTrap,789,7,7262,3013
ResinTrap,790,10,1381,3070
ResinTrap,790,7,7004,2991
ResinTrap,791,7,7121,2948
ResinTrap,792,7,7103,2953
ResinTrap,793,37,4244,2046
ResinTrap,793,10,7084,2958
ResinTrap,794,20,7052,2966
ResinTrap,794,13,7023,2976
ResinTrap,794,7,7049,2968
ResinTrap,794,7,4539,2817
ResinTrap,795,10,4239,2045
ResinTrap,797,7,1081,2361
ResinTrap,798,13,4238,2045
ResinTrap,799,20,7064,2995
ResinTrap,799,7,7062,2998
ResinTrap,799,7,7059,3000
ResinTrap,800,7,1045,2407
ResinTrap,805,12,1700,2350
ResinTrap,806,12,6944,3329
ResinTrap,808,13,1070,2407
ResinTrap,813,7,6796,3370
ResinTrap,814,7,6797,3367
ResinTrap,816,7,7057,3070
ResinTrap,817,7,7095,3060
ResinTrap,817,7,7100,3059
ResinTrap,818,7,6802,3353
ResinTrap,820,7,1105,2394
ResinTrap,821,25,3474,2613
ResinTrap,821,7,6807,3342
ResinTrap,823,12,1504,2599
ResinTrap,823,7,7567,3127
ResinTrap,823,7,1164,2439
ResinTrap,825,28,7574,3132
ResinTrap,831,7,1112,2521
ResinTrap,835,7,1374,3060
ResinTrap,838,192,7692,3179
ResinTrap,839,33,4736,2378
ResinTrap,841,291,7674,3184
ResinTrap,844,7,1149,2438
ResinTrap,844,7,1155,2453
ResinTrap,845,7,4723,2388
ResinTrap,846,10,7557,3107
ResinTrap,846,7,7075,3123
ResinTrap,847,7,4716,2392
ResinTrap,847,7,7071,3127
ResinTrap,848,7,4712,2394
ResinTrap,849,7,4738,2374
ResinTrap,849,7,4706,2397
ResinTrap,850,10,5112,2530
ResinTrap,851,10,7352,3143
ResinTrap,851,7,4700,2400
ResinTrap,851,7,7453,3239
ResinTrap,853,38,1863,2536
ResinTrap,853,7,4000,2383
ResinTrap,854,13,7653,3188
ResinTrap,854,7,7573,3344
ResinTrap,854,7,4691,2404
ResinTrap,861,7,7570,3337
ResinTrap,862,7,1716,2375
ResinTrap,863,17,1003,2491
ResinTrap,863,7,1010,2490
ResinTrap,863,7,7569,3335
ResinTrap,864,7,1718,2376
ResinTrap,865,12,7567,3332
ResinTrap,865,7,1042,2894
ResinTrap,865,7,3902,2367
ResinTrap,867,12,7565,3329
ResinTrap,868,26,5111,2314
ResinTrap,868,7,7563,3326
ResinTrap,870,7,7561,3323
ResinTrap,871,27,7585,3026
ResinTrap,871,12,7558,3319
ResinTrap,872,19,7015,3205
ResinTrap,872,13,7608,3024
ResinTrap,872,10,7602,3025
ResinTrap,872,7,7597,3026
ResinTrap,873,12,7555,3315
ResinTrap,873,7,5116,2308
ResinTrap,873,7,7576,3033
ResinTrap,875,132,7658,3166
ResinTrap,875,7,5113,2322
ResinTrap,876,33,5115,2329
ResinTrap,879,10,1193,2416
ResinTrap,879,9,1786,2449
ResinTrap,880,10,5094,2312
ResinTrap,880,7,4061,2920
ResinTrap,881,28,1012,2451
ResinTrap,881,7,1013,2447
ResinTrap,882,17,1055,2499
ResinTrap,882,7,1824,2479
ResinTrap,883,87,1722,2443
ResinTrap,883,7,4023,2952
ResinTrap,885,13,1146,2399
ResinTrap,885,9,1016,2477
ResinTrap,885,7,4517,2885
ResinTrap,887,7,4022,2949
ResinTrap,888,13,4020,2947
ResinTrap,889,7,4063,2909
ResinTrap,890,25,4305,2046
ResinTrap,891,7,7683,3064
ResinTrap,892,12,7682,3127
ResinTrap,892,7,7653,3158
ResinTrap,894,7,4546,2008
ResinTrap,894,7,4297,2045
ResinTrap,897,25,7539,3080
ResinTrap,900,7,4326,2323
ResinTrap,901,31,3776,2395
ResinTrap,905,65,1771,2714
ResinTrap,905,9,4766,2145
ResinTrap,906,24,1303,2575
ResinTrap,906,12,1309,2571
ResinTrap,908,18,1614,2407
ResinTrap,912,9,4322,2079
ResinTrap,914,62,5088,2364
ResinTrap,914,28,5121,2171
ResinTrap,914,7,7021,3278
ResinTrap,915,13,7060,3487
ResinTrap,916,15,7136,3231
ResinTrap,916,7,1236,2435
ResinTrap,919,24,1807,2486
ResinTrap,919,10,5097,2146
ResinTrap,921,17,7542,3042
ResinTrap,921,17,7336,3484
ResinTrap,921,7,1598,2357
ResinTrap,921,7,1589,2353
ResinTrap,923,14,7133,3278
ResinTrap,923,7,5117,2150
ResinTrap,924,12,5124,2207
ResinTrap,924,7,1343,3033
ResinTrap,924,7,7191,3264
ResinTrap,924,7,7344,3449
ResinTrap,925,7,7313,3390
ResinTrap,925,7,7340,3438
ResinTrap,926,38,7281,3346
ResinTrap,926,12,4727,2122
ResinTrap,926,12,7237,3301
ResinTrap,926,7,1341,3030
ResinTrap,926,7,7324,3406
ResinTrap,927,30,7576,3017
ResinTrap,927,7,7515,3048
ResinTrap,929,23,7350,3414
ResinTrap,929,7,1134,2424
ResinTrap,930,17,7533,3095
ResinTrap,932,142,5111,2177
ResinTrap,932,7,7570,3020
ResinTrap,933,23,7567,2999
ResinTrap,935,7,7638,3121
ResinTrap,936,14,7501,3106
ResinTrap,936,13,1135,2467
ResinTrap,936,7,1139,2462
ResinTrap,936,7,1137,2465
ResinTrap,936,7,1738,2475
ResinTrap,937,17,1065,2950
ResinTrap,937,7,7522,3097
ResinTrap,938,12,3850,2452
ResinTrap,938,7,7630,3124
ResinTrap,938,7,7627,3126
ResinTrap,939,22,1608,2623
ResinTrap,941,17,1594,2512
ResinTrap,941,7,7510,3098
ResinTrap,942,7,1611,2502
ResinTrap,943,10,4393,2333
ResinTrap,943,7,1624,2494
ResinTrap,944,21,1787,2534
ResinTrap,944,7,1225,2643
ResinTrap,945,15,3971,2414
ResinTrap,947,79,4630,2393
ResinTrap,947,7,5069,2373
ResinTrap,948,7,5061,2370
ResinTrap,949,7,4447,2035
ResinTrap,950,13,3955,2421
ResinTrap,950,12,4457,2031
ResinTrap,950,9,7609,3012
ResinTrap,951,9,4638,2392
ResinTrap,954,34,4485,2050
ResinTrap,955,48,1315,2663
ResinTrap,955,12,4632,2399
ResinTrap,962,15,3917,2432
ResinTrap,963,7,4468,2052
ResinTrap,963,7,1283,2643
ResinTrap,964,198,3984,2346
ResinTrap,967,38,7631,3072
ResinTrap,967,7,7653,3043
ResinTrap,970,7,980,2712
ResinTrap,971,7,5085,2194
ResinTrap,972,7,5070,2199
ResinTrap,975,13,7620,3096
ResinTrap,979,7,7622,3087
ResinTrap,982,17,3938,2410
ResinTrap,984,13,3937,2404
ResinTrap,986,27,3936,2393
ResinTrap,993,51,4717,2281
ResinTrap,995,10,3962,2395
ResinTrap,1003,9,4615,2068
ResinTrap,1007,7,3988,2386
ResinTrap,1008,12,1460,3116
ResinTrap,1010,121,7511,3030
ResinTrap,1010,27,1878,2866
ResinTrap,1010,20,1874,2875
ResinTrap,1010,7,1882,2864
ResinTrap,1012,7,1857,2906
ResinTrap,1013,7,4723,2196
ResinTrap,1015,402,7510,3024
ResinTrap,1017,28,1565,2658
ResinTrap,1017,7,7593,3086
ResinTrap,1019,1248,7505,3020
ResinTrap,1024,41,5108,2290
ResinTrap,1025,1114,7472,3092
ResinTrap,1025,7,4404,2318
ResinTrap,1027,7,5115,2288
ResinTrap,1028,12,1136,2819
ResinTrap,1030,7,1832,2822
ResinTrap,1031,35,5040,2262
ResinTrap,1031,9,1407,2845
ResinTrap,1032,7,7453,3070
ResinTrap,1033,7,1414,2852
ResinTrap,1034,13,5074,2257
ResinTrap,1034,7,1350,2709
ResinTrap,1035,7,1424,2859
ResinTrap,1038,25,4613,2384
ResinTrap,1038,7,4140,2481
ResinTrap,1038,7,4145,2479
ResinTrap,1039,7,4618,2392
ResinTrap,1042,18,1824,2801
ResinTrap,1043,10,1834,2779
ResinTrap,1044,7,1206,2853
ResinTrap,1045,55,1397,2745
ResinTrap,1045,7,1396,2743
ResinTrap,1046,7,1411,2770
ResinTrap,1048,47,4440,2131
ResinTrap,1048,7,1390,2735
ResinTrap,1049,7,1421,2787
ResinTrap,1051,7,1377,2677
ResinTrap,1054,33,7496,3043
ResinTrap,1054,22,7517,3122
ResinTrap,1054,7,7568,3029
ResinTrap,1056,16,1799,2861
ResinTrap,1056,7,7478,3087
ResinTrap,1058,18,1427,2662
ResinTrap,1059,40,5019,2326
ResinTrap,1060,626,4983,2459
ResinTrap,1060,7,1407,2705
ResinTrap,1061,20,1397,2689
ResinTrap,1062,31,1423,2655
ResinTrap,1062,25,1224,2862
ResinTrap,1062,20,1748,2709
ResinTrap,1062,10,1747,2716
ResinTrap,1063,13,5015,2474
ResinTrap,1064,10,4667,2332
ResinTrap,1064,10,4668,2336
ResinTrap,1064,10,4670,2343
ResinTrap,1064,10,1228,2888
ResinTrap,1064,9,4982,2486
ResinTrap,1064,7,1224,2887
ResinTrap,1064,7,4669,2340
ResinTrap,1065,7,4987,2492
ResinTrap,1066,99,4970,2481
ResinTrap,1067,18,4639,2193
ResinTrap,1067,7,4672,2320
ResinTrap,1068,7,1745,2893
ResinTrap,1069,7,4540,2146
ResinTrap,1069,7,1749,2876
ResinTrap,1070,7,1752,2862
ResinTrap,1071,7,4656,2215
ResinTrap,1071,7,4668,2209
ResinTrap,1072,10,1758,2829
ResinTrap,1072,7,4672,2222
ResinTrap,1073,7,5109,2316
ResinTrap,1079,7,1286,2921
ResinTrap,1082,7,1679,3033
ResinTrap,1085,7,1327,2944
ResinTrap,1085,7,1352,2967
ResinTrap,1086,7,1338,2950
ResinTrap,1086,7,1381,2976
ResinTrap,1087,26,4501,2854
ResinTrap,1087,7,1353,2958
ResinTrap,1087,7,4499,2851
ResinTrap,1089,12,5107,2375
ResinTrap,1089,7,1673,2883
ResinTrap,1092,162,5106,2364
ResinTrap,1092,7,1434,2999
ResinTrap,1093,7,1613,2795
ResinTrap,1094,7,5120,2396
ResinTrap,1100,13,1556,2827
ResinTrap,1100,7,1560,2826
ResinTrap,1101,7,4982,2428
ResinTrap,1102,10,5051,2315
ResinTrap,1102,7,4987,2438
ResinTrap,1102,7,4984,2433
ResinTrap,1102,7,5055,2316
ResinTrap,1104,7,5113,2364
ResinTrap,1105,23,1698,2930
ResinTrap,1105,12,5101,2670
ResinTrap,1105,7,1702,2938
ResinTrap,1107,14,5106,2340
ResinTrap,1109,32,5126,2437
ResinTrap,1109,7,5078,2317
ResinTrap,1110,12,5092,2325
ResinTrap,1110,7,5089,2323
ResinTrap,1114,30,5109,2389
ResinTrap,1115,7,1694,2967
ResinTrap,1118,24,1570,3013
ResinTrap,1123,71,1621,2930
ResinTrap,1123,7,5033,2337
ResinTrap,1123,7,1587,2930
ResinTrap,1126,13,5099,2349
ResinTrap,1134,13,4500,2206
ResinTrap,1138,18,5098,2691
ResinTrap,1138,7,5100,2691
ResinTrap,1139,38,5063,2423
ResinTrap,1142,7,4459,2875
ResinTrap,1145,21,4213,2545
ResinTrap,1149,27,5073,2414
ResinTrap,1149,10,5030,2347
ResinTrap,1149,7,5026,2345
ResinTrap,1149,7,5053,2456
ResinTrap,1150,7,5059,2448
ResinTrap,1151,7,5032,2416
ResinTrap,1159,23,4519,2792
ResinTrap,1167,13,5086,2401
ResinTrap,1167,10,5084,2411
ResinTrap,1167,10,5085,2406
ResinTrap,1171,7,5128,2426
ResinTrap,1172,7,5133,2414
ResinTrap,1176,7,5115,2476
ResinTrap,1183,7,4980,2433
ResinTrap,1184,7,4987,2428
ResinTrap,1187,7,5053,2681
ResinTrap,1189,7,5052,2680
ResinTrap,1190,7,5157,2506
ResinTrap,1210,7,4570,2278
ResinTrap,1211,19,1630,2931
ResinTrap,1225,7,4564,2342
ResinTrap,1226,12,1755,2968
ResinTrap,1229,7,5132,2471
ResinTrap,1233,26,1570,2946
ResinTrap,1233,7,4467,2315
ResinTrap,1236,7,4480,2337
ResinTrap,1237,7,4464,2342
ResinTrap,1244,7,4550,2540
ResinTrap,1246,7,4470,2503
ResinTrap,1253,13,1609,2927
ResinTrap,1253,7,1605,2930
ResinTrap,1259,7,4962,2461
ResinTrap,1267,12,4545,2392
ResinTrap,1305,7,5107,2715
ResinTrap,1309,28,5047,2522
ResinTrap,1339,7,5102,2594
ResinTrap,1347,7,5137,2720
ResinTrap,1348,7,5134,2722
ResinTrap,1349,23,4325,2561
ResinTrap,1356,7,5026,2548
ResinTrap,1365,7,5005,2639
ResinTrap,1430,7,4971,2767
ResinTrap,1458,12,4891,2736
ResinTrap,1522,7,5007,2792
ResinTrap,1526,17,5008,2789
ResinTrap,1529,10,4998,2788
SuctionCup,0,266978,7690,2589
SuctionCup,0,266978,6391,3339
SuctionCup,0,266978,6391,2839
SuctionCup,0,266978,7257,3339
SuctionCup,0,266977,7690,3589
SuctionCup,0,266975,6824,3089
SuctionCup,0,266950,1046,2708
SuctionCup,0,266950,1046,2208
SuctionCup,0,266950,1479,2958
SuctionCup,0,266943,7257,3172
SuctionCup,0,266943,6391,2672
SuctionCup,0,266943,6391,3172
SuctionCup,0,266942,4217,3143
SuctionCup,0,266942,7690,2922
SuctionCup,0,266942,4650,2893
SuctionCup,0,266942,7257,3672
SuctionCup,0,266940,4650,1393
SuctionCup,0,266940,4217,1643
SuctionCup,0,266940,3784,2893
SuctionCup,0,266938,6824,2422
SuctionCup,0,266938,6824,2922
SuctionCup,0,266930,1912,2542
SuctionCup,0,266928,6391,2006
SuctionCup,0,266928,1479,2292
SuctionCup,0,266928,7257,3006
SuctionCup,0,266928,6391,3006
SuctionCup,0,266928,1046,2542
SuctionCup,0,266928,7257,3506
SuctionCup,0,266928,613,2792
SuctionCup,0,266928,1479,3292
SuctionCup,0,266928,7257,2006
SuctionCup,0,266927,7690,2756
SuctionCup,0,266927,5083,2809
SuctionCup,0,266927,3784,3059
SuctionCup,0,266927,4650,2559
SuctionCup,0,266927,4217,2809
SuctionCup,0,266918,4650,1559
SuctionCup,0,266908,4794,2976
SuctionCup,0,266908,4794,2476
SuctionCup,0,266908,4361,2726
SuctionCup,0,266908,4794,1476
SuctionCup,0,266907,6680,3339
SuctionCup,0,266907,5227,2726
SuctionCup,0,266905,4506,3143
SuctionCup,0,266905,4073,2893
SuctionCup,0,266905,4506,2643
SuctionCup,0,266905,4506,1643
SuctionCup,0,266905,3207,2393
SuctionCup,0,266905,7113,3589
SuctionCup,0,266905,5372,2143
SuctionCup,0,266903,6247,2589
SuctionCup,0,266903,3640,2643
SuctionCup,0,266903,4939,2393
SuctionCup,0,266903,4939,2893
SuctionCup,0,266902,4361,2893
SuctionCup,0,266902,4794,2643
SuctionCup,0,266900,2201,2375
SuctionCup,0,266900,1768,2625
SuctionCup,0,266900,902,3125
SuctionCup,0,266900,1190,3125
SuctionCup,0,266900,2056,2125
SuctionCup,0,266900,1623,3375
SuctionCup,0,266900,1623,2875
SuctionCup,0,266900,1335,1875
SuctionCup,0,266900,1768,3125
SuctionCup,0,266900,1335,2375
SuctionCup,0,266900,902,2125
SuctionCup,0,266900,1623,2375
SuctionCup,0,266900,2056,3125
SuctionCup,0,266900,469,2375
SuctionCup,0,266900,1335,3375
SuctionCup,0,266895,6824,3756
SuctionCup,0,266895,4217,2976
SuctionCup,0,266895,5083,2476
SuctionCup,0,266892,3640,2976
SuctionCup,0,266892,3207,2726
SuctionCup,0,266892,5372,2476
SuctionCup,0,266892,4939,2726
SuctionCup,0,266892,5372,1976
SuctionCup,0,266892,4073,2726
SuctionCup,0,266892,3207,2226
SuctionCup,0,266892,4939,1726
SuctionCup,0,266892,3640,1976
SuctionCup,0,266892,4939,2226
SuctionCup,0,266882,6102,2839
SuctionCup,0,266880,7834,3339
SuctionCup,0,266875,6102,2506
SuctionCup,0,266875,6968,2506
SuctionCup,0,266875,6535,3756
SuctionCup,0,266875,6968,3006
SuctionCup,0,266875,6102,3006
SuctionCup,0,266875,6247,3256
SuctionCup,0,266875,6535,2256
SuctionCup,0,266875,6680,2006
SuctionCup,0,266875,7834,3006
SuctionCup,0,266875,7401,3756
SuctionCup,0,266875,7834,3506
SuctionCup,0,266875,7113,2256
SuctionCup,0,266875,6247,2756
SuctionCup,0,266873,6680,3506
SuctionCup,0,266873,7113,3756
SuctionCup,0,266873,3495,2559
SuctionCup,0,266870,2056,3292
SuctionCup,0,266870,2056,2292
SuctionCup,0,266870,2056,2792
SuctionCup,0,266870,1623,2542
SuctionCup,0,266868,7546,2673
SuctionCup,0,266867,3928,3143
SuctionCup,0,266867,6680,2173
SuctionCup,0,266865,6102,3173
SuctionCup,0,266865,7113,2923
SuctionCup,0,266865,6968,3173
SuctionCup,0,266865,7401,2923
SuctionCup,0,266865,7834,3173
SuctionCup,0,266865,7113,2423
SuctionCup,0,266863,6535,2923
SuctionCup,0,266863,6535,3423
SuctionCup,0,266862,6247,2423
SuctionCup,0,266860,1335,2208
SuctionCup,0,266860,469,2208
SuctionCup,0,266860,902,1958
SuctionCup,0,266860,902,2958
SuctionCup,0,266860,469,2708
SuctionCup,0,266860,2201,2708
SuctionCup,0,266858,1768,2958
SuctionCup,0,266852,5227,2559
SuctionCup,0,266850,4794,2809
SuctionCup,0,266833,3495,2393
SuctionCup,0,266829,2201,2208
SuctionCup,0,266828,4361,1559
SuctionCup,0,266828,4361,3059
SuctionCup,0,266823,4217,1476
SuctionCup,0,266808,757,2542
SuctionCup,0,266807,7546,2339
SuctionCup,0,266799,4794,1643
SuctionCup,0,266787,5083,1976
SuctionCup,0,266787,3784,1726
SuctionCup,0,266670,6102,2673
SuctionCup,0,266668,6680,3673
SuctionCup,0,266662,6535,3589
SuctionCup,0,266659,1479,2792
SuctionCup,0,266602,7546,3339
SuctionCup,0,266592,6535,3257
SuctionCup,0,266552,7546,3173
SuctionCup,0,266509,4939,2559
SuctionCup,0,266509,3640,2809
SuctionCup,0,266509,4939,3059
SuctionCup,0,266500,3640,1809
SuctionCup,0,266498,4073,1559
SuctionCup,0,266498,4939,1559
SuctionCup,0,266459,1046,3208
SuctionCup,0,266447,1046,2042
SuctionCup,0,266446,3351,2143
SuctionCup,0,266347,1912,2375
SuctionCup,0,266347,1046,1875
SuctionCup,0,266347,613,2125
SuctionCup,0,266347,1479,3125
SuctionCup,0,266347,1046,2375
SuctionCup,0,266341,5372,2309
SuctionCup,0,266341,5372,2809
SuctionCup,0,266329,1623,3208
SuctionCup,0,266329,1623,2208
SuctionCup,0,266329,1190,1958
SuctionCup,0,266329,1623,2708
SuctionCup,0,266329,2056,2458
SuctionCup,0,266329,2056,2958
SuctionCup,0,266294,1046,2875
SuctionCup,0,266281,2201,2542
SuctionCup,0,266279,469,2542
SuctionCup,0,266276,1335,2542
SuctionCup,0,266262,3207,2559
SuctionCup,0,266252,6968,3339
SuctionCup,0,266247,6968,2006
SuctionCup,0,266234,6968,2173
SuctionCup,0,266181,1335,2042
SuctionCup,0,266023,7834,2839
SuctionCup,0,265653,1190,2958
SuctionCup,0,265458,1190,3292
SuctionCup,0,265447,1046,3042
SuctionCup,0,265280,2201,3208
SuctionCup,0,265261,902,2792
SuctionCup,0,264111,5372,2643
SuctionCup,0,264090,7838,2673
SuctionCup,0,264077,7257,2172
SuctionCup,0,263966,1335,2708
SuctionCup,0,263958,4650,2726
SuctionCup,0,263920,7690,3089
SuctionCup,0,263869,7113,3089
SuctionCup,0,263846,4073,1726
SuctionCup,0,263832,4650,1726
SuctionCup,0,263809,7690,3422
SuctionCup,0,263775,5227,1726
SuctionCup,0,263644,2201,2875
SuctionCup,0,263505,5083,2143
SuctionCup,0,263336,757,2375
SuctionCup,0,262962,7690,2422
SuctionCup,0,262627,4506,2976
SuctionCup,0,262462,2056,2625
SuctionCup,0,262102,1624,3042
SuctionCup,0,261908,3495,2726
SuctionCup,0,261797,3928,2976
SuctionCup,0,261658,4361,1726
SuctionCup,0,260297,4794,1809
SuctionCup,0,259919,4361,2559
SuctionCup,0,259800,3784,1893
SuctionCup,0,259700,7113,3256
SuctionCup,0,259404,7690,3256
SuctionCup,0,258899,7113,3423
SuctionCup,0,258369,6535,1923
SuctionCup,0,257773,4217,2643
SuctionCup,0,257717,5083,1809
SuctionCup,0,256831,7401,2756
SuctionCup,0,256634,1190,2125
SuctionCup,0,256553,6680,2673
SuctionCup,0,256547,6683,2339
SuctionCup,0,256523,5227,2393
SuctionCup,0,256341,1479,2625
SuctionCup,0,256205,2203,3042
SuctionCup,0,255337,6247,2923
SuctionCup,0,255320,902,2292
SuctionCup,0,255177,5227,2893
SuctionCup,0,254711,3928,1976
SuctionCup,0,254257,3928,2809
SuctionCup,0,253784,6535,2089
SuctionCup,0,253450,6535,3093
SuctionCup,0,253437,1479,2458
SuctionCup,0,253352,7113,2089
SuctionCup,0,252938,4506,2476
SuctionCup,0,252912,6391,3506
SuctionCup,0,252451,5083,2976
SuctionCup,0,251273,6824,3589
SuctionCup,0,250943,1768,3292
SuctionCup,0,250742,3351,2309
SuctionCup,0,249989,1912,2708
SuctionCup,0,249875,902,2625
SuctionCup,0,247395,6968,2341
SuctionCup,0,246648,6968,3507
SuctionCup,0,245814,1190,2792
SuctionCup,0,245481,902,2458
SuctionCup,0,245277,757,2711
SuctionCup,0,244627,7401,3589
SuctionCup,0,242755,7546,3506
SuctionCup,0,242667,7546,3006
SuctionCup,0,236680,1768,2792
SuctionCup,0,234627,1912,3375
SuctionCup,305,7776,7066,2371
SuctionCup,517,8696,7010,3095
SuctionCup,597,26501,7411,2821
SuctionCup,770,23595,1711,2407
