Island,202,55,3460,3068
Island,215,62,3448,3177
Island,489,364,3068,1256
Island,492,389,2984,1065
Island,492,15,2984,1054
Island,499,33,3892,1380
Island,507,278,4073,1383
Island,509,637,3348,1192
Island,512,236,3236,1092
Island,512,34,3674,1331
Island,522,138,2918,863
Island,535,191,3264,1625
Island,553,24,3431,1900
Island,557,359,3381,1787
Island,573,26,2741,1005
Island,574,439,2726,999
Island,580,395,2855,1590
Island,682,514,3405,1006
Island,682,242,3336,978
Island,726,4,3132,1869
Island,726,2,3122,1875
Island,726,2,3124,1874
Island,726,2,3126,1873
Island,726,2,3128,1872
Island,726,2,3130,1871
Island,762,127,3842,1308
Island,762,1,3861,1307
Island,849,220,3014,3027
Island,882,257,4224,1706
Island,916,44,3342,1120
Island,934,12,3341,1153
Island,944,182,4556,1966
Island,964,1,3435,698
Island,973,1,3180,730
Island,1002,22,4856,2181
Island,1013,15,4381,1225
Island,1159,14,5459,1154
Island,1160,250,5456,1132
ResinTrap,17,1007,3587,2761
ResinTrap,17,300,3385,2899
ResinTrap,24,24,3483,775
ResinTrap,24,24,5622,2136
ResinTrap,24,24,3872,775
ResinTrap,24,24,5233,2136
ResinTrap,24,24,5233,970
ResinTrap,24,24,4845,1358
ResinTrap,24,24,4456,1747
ResinTrap,24,24,5622,2525
ResinTrap,24,23,2900,1942
ResinTrap,24,23,3289,2136
ResinTrap,24,23,3095,1942
ResinTrap,24,23,4456,2136
ResinTrap,24,23,4650,1942
ResinTrap,24,23,5039,2331
ResinTrap,24,23,5428,1164
ResinTrap,24,23,5428,1553
ResinTrap,24,23,2511,970
ResinTrap,24,23,5817,1553
ResinTrap,24,23,5428,2331
ResinTrap,24,23,5039,1942
ResinTrap,24,23,3289,581
ResinTrap,24,23,4261,1942
ResinTrap,24,23,2900,970
ResinTrap,24,23,3095,2331
ResinTrap,24,23,3678,581
ResinTrap,24,23,5817,1164
ResinTrap,24,23,3678,970
ResinTrap,24,23,5428,1942
ResinTrap,24,23,4845,970
ResinTrap,24,23,4650,2331
ResinTrap,24,23,4067,970
ResinTrap,24,23,5817,1942
ResinTrap,24,23,2900,2525
ResinTrap,24,23,3289,1164
ResinTrap,24,23,2900,2136
ResinTrap,24,23,4456,970
ResinTrap,24,23,4650,1553
ResinTrap,24,23,5039,1553
ResinTrap,24,23,2900,2914
ResinTrap,24,22,5233,1358
ResinTrap,63,227,3385,2899
ResinTrap,98,47,3385,2899
ResinTrap,106,27,3385,2899
ResinTrap,111,140,3385,2899
ResinTrap,133,13,3385,2899
ResinTrap,136,7,3385,2899
ResinTrap,138,13,3385,2899
ResinTrap,142,20,3385,2899
ResinTrap,146,27,3385,2899
ResinTrap,151,13,3385,2899
ResinTrap,154,27,3385,2899
ResinTrap,160,20,3385,2899
ResinTrap,164,13,3385,2899
ResinTrap,167,27,3385,2899
ResinTrap,169,7,3587,2761
ResinTrap,171,27,3587,2761
ResinTrap,172,12,3050,1538
ResinTrap,173,20,3385,2899
ResinTrap,176,7,3587,2761
ResinTrap,177,27,3385,2899
ResinTrap,178,27,3587,2761
ResinTrap,182,13,3385,2899
ResinTrap,183,7,3587,2761
ResinTrap,185,32,3385,2898
ResinTrap,185,27,3587,2761
ResinTrap,190,7,3587,2761
ResinTrap,192,27,3587,2761
ResinTrap,197,7,3587,2761
ResinTrap,199,27,3587,2761
ResinTrap,207,20,3587,2761
ResinTrap,211,7,3588,2762
ResinTrap,216,7,3453,3170
ResinTrap,226,24,2900,3108
ResinTrap,226,23,4650,2525
ResinTrap,226,23,5039,2525
ResinTrap,226,23,4261,970
ResinTrap,226,23,5039,1553
ResinTrap,226,23,5428,2525
ResinTrap,226,23,2900,2136
ResinTrap,226,23,5428,2331
ResinTrap,226,23,4650,2136
ResinTrap,226,23,3095,2136
ResinTrap,226,23,3289,775
ResinTrap,226,23,3678,775
ResinTrap,226,23,2900,2720
ResinTrap,226,23,4845,970
ResinTrap,226,23,2900,1942
ResinTrap,226,23,4456,2331
ResinTrap,226,23,4650,1942
ResinTrap,226,23,4067,775
ResinTrap,226,23,4456,1164
ResinTrap,226,23,2900,2914
ResinTrap,226,23,4650,2331
ResinTrap,226,23,5039,1942
ResinTrap,226,23,5039,2331
ResinTrap,226,23,3678,1942
ResinTrap,226,23,5817,1942
ResinTrap,226,23,4261,1942
ResinTrap,226,22,4650,970
ResinTrap,226,22,4650,1747
ResinTrap,226,22,5622,1553
ResinTrap,226,22,5039,2136
ResinTrap,226,22,3872,775
ResinTrap,226,22,4845,1942
ResinTrap,226,22,5622,1164
ResinTrap,226,22,5428,1359
ResinTrap,226,22,3095,1942
ResinTrap,226,22,5428,970
ResinTrap,226,22,5039,1359
ResinTrap,226,22,4845,2331
ResinTrap,226,22,5817,1359
ResinTrap,226,22,5622,1942
ResinTrap,226,22,2900,3497
ResinTrap,226,19,5234,2331
ResinTrap,226,17,3095,2525
ResinTrap,226,12,3484,1748
ResinTrap,226,12,5234,1359
ResinTrap,232,7,3109,2538
ResinTrap,245,39,3506,2147
ResinTrap,246,13,3295,1381
ResinTrap,248,7,3265,1564
ResinTrap,250,28,3314,1546
ResinTrap,250,13,3286,1384
ResinTrap,251,10,2875,1158
ResinTrap,251,7,2680,1367
ResinTrap,252,30,2708,1386
ResinTrap,252,26,2873,1155
ResinTrap,252,7,2871,1152
ResinTrap,253,33,3299,1522
ResinTrap,253,17,4073,1331
ResinTrap,253,10,2929,1168
ResinTrap,253,7,4275,1328
ResinTrap,253,7,3262,1354
ResinTrap,254,7,2675,1347
ResinTrap,255,22,2676,1350
ResinTrap,255,13,2702,1389
ResinTrap,255,13,3514,2133
ResinTrap,255,7,4270,1329
ResinTrap,256,10,4265,1329
ResinTrap,257,23,3063,1167
ResinTrap,257,7,2721,1396
ResinTrap,257,7,2718,1394
ResinTrap,258,27,3875,1326
ResinTrap,258,23,3307,1510
ResinTrap,259,7,3130,1561
ResinTrap,259,7,3129,1556
ResinTrap,260,28,3668,1394
ResinTrap,260,27,3095,936
ResinTrap,260,25,3682,1394
ResinTrap,262,7,4258,1323
ResinTrap,262,7,3477,1128
ResinTrap,263,50,4299,1352
ResinTrap,263,7,3055,1177
ResinTrap,263,7,3105,1593
ResinTrap,263,7,3090,933
ResinTrap,264,10,3057,1364
ResinTrap,264,7,4081,1402
ResinTrap,265,7,3336,1537
ResinTrap,266,48,2897,1204
ResinTrap,266,12,3340,1534
ResinTrap,266,10,3444,2131
ResinTrap,266,7,3314,1531
ResinTrap,266,7,3312,1528
ResinTrap,267,7,4306,1370
ResinTrap,268,33,4262,1401
ResinTrap,268,12,2751,1370
ResinTrap,268,10,3292,1596
ResinTrap,269,13,2893,1209
ResinTrap,270,59,3139,1348
ResinTrap,270,23,3095,1403
ResinTrap,270,13,4255,1404
ResinTrap,271,7,2889,1213
ResinTrap,273,42,3478,2130
ResinTrap,273,40,3479,2119
ResinTrap,273,7,3859,1411
ResinTrap,274,26,3144,1364
ResinTrap,274,18,3867,1407
ResinTrap,279,13,2710,1341
ResinTrap,279,7,3540,1176
ResinTrap,280,7,3880,1414
ResinTrap,281,36,3108,1370
ResinTrap,282,13,3623,1364
ResinTrap,282,7,3498,1225
ResinTrap,284,23,3489,1223
ResinTrap,287,7,4064,1420
ResinTrap,287,7,3108,1403
ResinTrap,288,13,4057,1423
ResinTrap,288,7,3063,1179
ResinTrap,290,69,3084,1144
ResinTrap,290,7,3466,2138
ResinTrap,290,7,3458,2141
ResinTrap,290,7,3487,2074
ResinTrap,291,23,3099,1168
ResinTrap,292,32,3849,1379
ResinTrap,292,13,3460,2139
ResinTrap,292,7,3096,1166
ResinTrap,292,7,3849,1380
ResinTrap,293,7,3900,1386
ResinTrap,294,7,3858,1377
ResinTrap,295,48,3482,1183
ResinTrap,295,7,3437,2964
ResinTrap,298,58,3883,1383
ResinTrap,298,41,2889,1195
ResinTrap,298,27,3053,1524
ResinTrap,299,20,2892,1200
ResinTrap,300,39,3109,1206
ResinTrap,300,31,3669,1366
ResinTrap,301,34,4051,1388
ResinTrap,302,38,3879,1345
ResinTrap,302,7,3891,1385
ResinTrap,303,51,3074,1201
ResinTrap,303,41,3513,1197
ResinTrap,304,70,3097,1195
ResinTrap,304,61,3681,1336
ResinTrap,304,7,4050,1359
ResinTrap,305,10,3688,1337
ResinTrap,306,49,3694,1374
ResinTrap,306,38,3067,1117
ResinTrap,307,7,3072,1210
ResinTrap,307,7,4052,1358
ResinTrap,308,7,3700,1373
ResinTrap,309,7,4263,1353
ResinTrap,310,22,4056,1355
ResinTrap,310,20,4109,1382
ResinTrap,310,7,3070,1107
ResinTrap,310,7,4054,1357
ResinTrap,311,46,3136,983
ResinTrap,311,39,3465,1188
ResinTrap,312,68,2886,824
ResinTrap,312,62,3858,1351
ResinTrap,312,61,3291,1572
ResinTrap,312,56,2694,1361
ResinTrap,312,40,3501,1201
ResinTrap,313,58,3440,1167
ResinTrap,314,61,4088,1352
ResinTrap,314,52,4104,1355
ResinTrap,314,50,3647,1364
ResinTrap,316,69,4075,1360
ResinTrap,317,27,2849,1207
ResinTrap,317,7,3447,1169
ResinTrap,317,7,3083,1528
ResinTrap,317,7,2907,1110
ResinTrap,318,57,3123,990
ResinTrap,318,53,4088,1392
ResinTrap,318,51,4288,1382
ResinTrap,318,18,3672,1328
ResinTrap,318,12,3065,1198
ResinTrap,318,7,3191,985
ResinTrap,319,86,3288,1336
ResinTrap,319,71,3152,993
ResinTrap,319,7,2899,795
ResinTrap,320,40,4278,1354
ResinTrap,320,7,3426,1150
ResinTrap,321,84,3147,1153
ResinTrap,321,57,4264,1392
ResinTrap,321,54,3422,1149
ResinTrap,321,32,4079,1386
ResinTrap,321,13,3288,1337
ResinTrap,321,7,2900,799
ResinTrap,321,7,3071,1124
ResinTrap,321,7,4115,1351
ResinTrap,322,63,3144,1386
ResinTrap,322,47,4273,1354
ResinTrap,322,23,2900,798
ResinTrap,322,7,3868,1385
ResinTrap,322,7,3144,1150
ResinTrap,322,7,3156,1381
ResinTrap,323,25,4079,1386
ResinTrap,323,7,2842,1195
ResinTrap,323,7,3149,991
ResinTrap,323,7,3688,1375
ResinTrap,324,18,3848,1344
ResinTrap,324,17,3869,1386
ResinTrap,324,13,3118,989
ResinTrap,325,20,3083,1206
ResinTrap,325,13,3701,1339
ResinTrap,325,13,2879,1184
ResinTrap,325,7,3704,1341
ResinTrap,326,7,4065,1357
ResinTrap,327,30,4068,1358
ResinTrap,327,17,3137,1385
ResinTrap,327,7,2843,1204
ResinTrap,328,67,4293,1345
ResinTrap,328,30,3161,1165
ResinTrap,328,20,3045,1114
ResinTrap,328,7,2693,1309
ResinTrap,328,7,2698,1354
ResinTrap,328,7,2701,1348
ResinTrap,329,42,3297,1546
ResinTrap,330,7,2690,1303
ResinTrap,331,7,3106,1238
ResinTrap,331,7,3096,1125
ResinTrap,331,7,2700,1350
ResinTrap,332,7,4287,1350
ResinTrap,332,7,4290,1348
ResinTrap,333,18,3114,1565
ResinTrap,335,18,3424,1155
ResinTrap,336,33,2902,1143
ResinTrap,336,7,2702,1373
ResinTrap,337,46,3066,955
ResinTrap,338,7,4304,1346
ResinTrap,339,13,3064,960
ResinTrap,339,7,3529,1192
ResinTrap,339,7,3290,1540
ResinTrap,339,7,3309,1582
ResinTrap,340,27,3530,1188
ResinTrap,341,13,3704,1308
ResinTrap,341,7,3061,1145
ResinTrap,341,7,3483,1165
ResinTrap,341,7,3701,1315
ResinTrap,343,7,3060,1145
ResinTrap,344,7,3482,1162
ResinTrap,344,7,3273,1575
ResinTrap,345,10,4119,1370
ResinTrap,345,7,3052,1148
ResinTrap,346,9,2899,1086
ResinTrap,346,7,3678,1344
ResinTrap,347,87,3061,936
ResinTrap,347,70,3129,1179
ResinTrap,348,43,3094,957
ResinTrap,348,7,4066,1398
ResinTrap,348,7,3126,1178
ResinTrap,348,7,2911,814
ResinTrap,349,27,3086,1393
ResinTrap,349,7,3448,1182
ResinTrap,350,39,3066,1361
ResinTrap,350,7,2912,815
ResinTrap,350,7,4068,1398
ResinTrap,350,7,3677,1346
ResinTrap,351,30,3308,1346
ResinTrap,351,7,3308,1346
ResinTrap,351,7,3069,1361
ResinTrap,352,73,3617,1391
ResinTrap,352,7,3455,1135
ResinTrap,353,68,3453,1149
ResinTrap,353,17,3063,944
ResinTrap,353,13,3108,999
ResinTrap,354,68,3453,1133
ResinTrap,357,7,2867,1146
ResinTrap,358,10,4095,1330
ResinTrap,359,22,2891,1143
ResinTrap,360,31,2921,1173
ResinTrap,360,18,2890,827
ResinTrap,360,7,2892,825
ResinTrap,361,13,2888,1147
ResinTrap,362,37,3297,1559
ResinTrap,362,7,3076,1503
ResinTrap,362,7,3074,1510
ResinTrap,363,90,2870,1108
ResinTrap,363,7,3458,1127
ResinTrap,364,40,3658,1397
ResinTrap,364,7,2860,1187
ResinTrap,364,7,2920,1177
ResinTrap,364,7,3426,1123
ResinTrap,365,71,3112,964
ResinTrap,365,18,2884,1110
ResinTrap,365,7,2852,1184
ResinTrap,366,82,3423,1119
ResinTrap,366,7,2857,1186
ResinTrap,366,7,4291,1368
ResinTrap,366,7,3117,1595
ResinTrap,367,7,2867,1112
ResinTrap,368,36,3342,1345
ResinTrap,368,7,4293,1374
ResinTrap,369,7,3513,1171
ResinTrap,370,21,3272,1342
ResinTrap,370,10,3344,1354
ResinTrap,370,7,4058,1431
ResinTrap,371,18,3620,1385
ResinTrap,371,13,3507,1173
ResinTrap,371,7,3065,924
ResinTrap,372,19,3310,1337
ResinTrap,372,10,4310,1412
ResinTrap,372,7,4059,1434
ResinTrap,374,42,4231,1307
ResinTrap,374,7,3050,1539
ResinTrap,374,7,4231,1312
ResinTrap,374,7,2854,867
ResinTrap,374,7,3147,1194
ResinTrap,375,10,2665,1318
ResinTrap,375,7,2860,864
ResinTrap,375,7,3880,1435
ResinTrap,376,7,3883,1426
ResinTrap,377,40,3287,1606
ResinTrap,377,13,2855,867
ResinTrap,377,7,3047,928
ResinTrap,377,7,3312,1337
ResinTrap,379,7,3045,927
ResinTrap,380,10,3312,1333
ResinTrap,381,17,3882,1432
ResinTrap,381,7,2907,1208
ResinTrap,382,12,2912,1204
ResinTrap,382,7,3069,1178
ResinTrap,383,27,3204,992
ResinTrap,383,13,3490,1140
ResinTrap,383,7,3044,1512
ResinTrap,383,7,3174,1422
ResinTrap,384,24,2895,1124
ResinTrap,384,7,2858,837
ResinTrap,385,13,3039,924
ResinTrap,386,27,3060,1182
ResinTrap,387,33,3324,1348
ResinTrap,387,7,2907,1128
ResinTrap,388,13,2890,1110
ResinTrap,388,7,3261,1342
ResinTrap,389,13,3489,1142
ResinTrap,389,7,3487,1147
ResinTrap,390,12,3266,1339
ResinTrap,391,12,3271,1334
ResinTrap,391,7,2894,1119
ResinTrap,392,13,3124,981
ResinTrap,392,7,3458,1152
ResinTrap,394,13,3474,1252
ResinTrap,394,12,2919,1186
ResinTrap,394,7,3488,1144
ResinTrap,395,13,3124,980
ResinTrap,395,7,2893,1116
ResinTrap,396,7,3478,1242
ResinTrap,396,7,2842,1229
ResinTrap,396,7,3466,1155
ResinTrap,397,7,3846,1443
ResinTrap,398,30,2839,1230
ResinTrap,399,23,3097,932
ResinTrap,399,7,2892,1113
ResinTrap,400,7,3123,975
ResinTrap,400,7,3845,1443
ResinTrap,400,7,3464,1154
ResinTrap,401,7,4017,1305
ResinTrap,401,7,3477,1246
ResinTrap,402,17,3934,1375
ResinTrap,402,7,3475,1252
ResinTrap,403,12,4018,1303
ResinTrap,404,7,4023,1447
ResinTrap,405,7,2949,799
ResinTrap,407,7,2949,798
ResinTrap,407,7,2947,795
ResinTrap,407,7,4022,1449
ResinTrap,410,7,3426,1118
ResinTrap,411,30,3513,1265
ResinTrap,416,7,4018,1458
ResinTrap,416,7,3032,1365
ResinTrap,420,13,3351,2784
ResinTrap,422,7,3164,1294
ResinTrap,426,7,3355,2783
ResinTrap,428,23,5039,2525
ResinTrap,428,23,4650,2331
ResinTrap,428,23,5428,1164
ResinTrap,428,23,5817,1553
ResinTrap,428,23,5817,1164
ResinTrap,428,23,5428,2331
ResinTrap,428,22,5039,2136
ResinTrap,428,22,4456,2136
ResinTrap,428,22,4845,2525
ResinTrap,428,19,5622,2525
ResinTrap,428,19,2900,3497
ResinTrap,428,19,6011,1359
ResinTrap,428,14,5623,970
ResinTrap,428,14,4845,1748
ResinTrap,428,12,5623,1359
ResinTrap,428,12,5623,1748
ResinTrap,431,7,3090,975
ResinTrap,434,13,3088,981
ResinTrap,435,7,2930,1223
ResinTrap,436,13,3089,977
ResinTrap,438,7,3674,1741
ResinTrap,444,61,3280,1371
ResinTrap,445,42,3094,1545
ResinTrap,445,7,3475,1917
ResinTrap,446,18,4045,1735
ResinTrap,446,7,5043,1146
ResinTrap,447,18,3275,1368
ResinTrap,448,36,3075,1556
ResinTrap,448,10,3477,1387
ResinTrap,448,10,3294,1764
ResinTrap,449,36,2900,1737
ResinTrap,449,12,3282,1742
ResinTrap,450,17,2900,1731
ResinTrap,450,7,3053,1531
ResinTrap,453,33,2721,1538
ResinTrap,453,7,2897,1746
ResinTrap,453,7,2895,1749
ResinTrap,454,27,2710,1531
ResinTrap,455,22,3864,1185
ResinTrap,456,28,2726,1554
ResinTrap,456,20,3295,1366
ResinTrap,456,18,3654,1166
ResinTrap,456,7,3290,1370
ResinTrap,456,7,2715,1534
ResinTrap,457,13,4451,1350
ResinTrap,457,7,3286,1752
ResinTrap,457,7,3652,1172
ResinTrap,459,40,2889,1356
ResinTrap,459,29,2910,1348
ResinTrap,459,7,2709,1523
ResinTrap,459,7,2724,1561
ResinTrap,459,7,2708,1519
ResinTrap,461,10,2913,1341
ResinTrap,461,7,2870,1189
ResinTrap,463,12,2736,1528
ResinTrap,463,7,4646,1353
ResinTrap,464,34,2904,1544
ResinTrap,464,26,4850,1166
ResinTrap,464,22,2874,1186
ResinTrap,464,7,3279,1781
ResinTrap,465,7,2858,1152
ResinTrap,465,7,4847,1170
ResinTrap,466,23,3159,1621
ResinTrap,466,13,2861,1151
ResinTrap,466,7,2905,1351
ResinTrap,466,7,3246,962
ResinTrap,466,7,3157,1620
ResinTrap,467,10,2690,1124
ResinTrap,467,7,2921,1742
ResinTrap,468,7,4852,1206
ResinTrap,468,7,2902,1352
ResinTrap,469,35,2925,1361
ResinTrap,469,10,2931,1364
ResinTrap,470,7,3272,957
ResinTrap,471,7,3250,963
ResinTrap,472,10,2908,1391
ResinTrap,472,7,3273,953
ResinTrap,473,47,3245,961
ResinTrap,473,23,2918,1549
ResinTrap,473,10,4078,1221
ResinTrap,473,7,2696,1535
ResinTrap,473,7,3328,1746
ResinTrap,474,10,3311,962
ResinTrap,474,7,3228,1291
ResinTrap,475,29,3666,1163
ResinTrap,477,23,2755,1560
ResinTrap,477,20,2555,1340
ResinTrap,477,7,4062,1727
ResinTrap,478,12,3624,1153
ResinTrap,479,7,2897,1564
ResinTrap,481,13,2898,1560
ResinTrap,481,7,2849,1042
ResinTrap,481,7,2900,1558
ResinTrap,484,17,2848,1037
ResinTrap,485,7,3307,971
ResinTrap,486,7,3087,1773
ResinTrap,492,18,2744,1373
ResinTrap,495,7,3674,1150
ResinTrap,496,10,3230,1287
ResinTrap,496,7,2868,1175
ResinTrap,497,7,2656,1134
ResinTrap,502,14,3571,2413
ResinTrap,503,7,3567,2419
ResinTrap,506,7,2880,1218
ResinTrap,508,7,3638,1124
ResinTrap,513,7,3634,1129
ResinTrap,514,12,4273,1530
ResinTrap,516,27,3270,2102
ResinTrap,518,12,2929,1389
ResinTrap,521,7,3279,1334
ResinTrap,526,7,5047,1165
ResinTrap,529,7,5048,1167
ResinTrap,532,7,2725,1339
ResinTrap,532,7,3333,1005
ResinTrap,536,7,4358,1308
ResinTrap,552,7,2896,1178
ResinTrap,563,7,3401,1765
ResinTrap,581,7,3053,1526
ResinTrap,587,7,3050,1526
ResinTrap,630,23,4650,2525
ResinTrap,630,22,6011,1553
ResinTrap,630,17,5817,1748
ResinTrap,630,17,5623,1553
ResinTrap,630,12,5623,1359
ResinTrap,630,12,6012,1359
ResinTrap,644,10,4259,1492
ResinTrap,647,17,4476,981
ResinTrap,649,12,4484,988
ResinTrap,650,29,4089,975
ResinTrap,651,32,4434,973
ResinTrap,651,12,2923,3100
ResinTrap,651,7,2923,3106
ResinTrap,652,10,4458,1771
ResinTrap,652,10,4463,1772
ResinTrap,653,10,4453,1772
ResinTrap,654,7,4432,1939
ResinTrap,655,12,5460,2113
ResinTrap,655,7,4469,989
ResinTrap,655,7,5455,2117
ResinTrap,655,7,4428,982
ResinTrap,655,7,4426,985
ResinTrap,656,7,3114,2348
ResinTrap,656,7,5464,2149
ResinTrap,658,53,5433,2099
ResinTrap,659,33,5454,2137
ResinTrap,660,37,5418,2125
ResinTrap,661,33,3118,2142
ResinTrap,663,31,5608,2129
ResinTrap,663,12,3889,1715
ResinTrap,663,7,3122,2139
ResinTrap,664,16,3122,2154
ResinTrap,664,10,3121,2150
ResinTrap,665,22,5433,2144
ResinTrap,665,12,4461,1736
ResinTrap,666,21,4071,1736
ResinTrap,666,7,4224,1307
ResinTrap,667,7,5445,2106
ResinTrap,669,13,5258,2140
ResinTrap,669,7,3121,2166
ResinTrap,670,33,5624,2151
ResinTrap,670,7,5624,2155
ResinTrap,672,7,4261,1721
ResinTrap,672,7,5426,2111
ResinTrap,672,7,3466,775
ResinTrap,673,10,5443,2143
ResinTrap,673,7,3470,776
ResinTrap,675,7,4089,1743
ResinTrap,675,7,4268,1794
ResinTrap,676,13,4084,1742
ResinTrap,676,7,4077,991
ResinTrap,677,10,3088,3157
ResinTrap,678,22,3045,3099
ResinTrap,682,12,4445,990
ResinTrap,683,28,2927,3297
ResinTrap,683,19,3680,820
ResinTrap,684,31,3085,3073
ResinTrap,684,13,5629,2173
ResinTrap,684,10,3675,819
ResinTrap,684,7,5398,2109
ResinTrap,684,7,5395,2107
ResinTrap,684,7,2927,3306
ResinTrap,685,38,3066,3106
ResinTrap,685,19,3079,3081
ResinTrap,685,7,5616,2140
ResinTrap,685,7,5618,2143
ResinTrap,686,12,2927,3306
ResinTrap,686,10,3306,1858
ResinTrap,688,7,3126,1552
ResinTrap,689,21,3074,3097
ResinTrap,689,7,4582,1400
ResinTrap,689,7,5639,2150
ResinTrap,690,12,5393,2138
ResinTrap,690,7,4065,1758
ResinTrap,690,7,2937,2900
ResinTrap,691,30,3065,3127
ResinTrap,693,7,4067,1754
ResinTrap,695,7,3100,2758
ResinTrap,695,7,2941,3289
ResinTrap,696,13,3100,2726
ResinTrap,696,7,3113,2710
ResinTrap,696,7,4436,1740
ResinTrap,696,7,3082,3053
ResinTrap,697,23,3160,2174
ResinTrap,698,55,2912,3281
ResinTrap,699,7,3028,3111
ResinTrap,699,7,3051,3105
ResinTrap,700,7,3112,2714
ResinTrap,700,7,3693,822
ResinTrap,700,7,3696,820
ResinTrap,700,7,2920,2921
ResinTrap,702,7,3687,842
ResinTrap,702,7,2920,3286
ResinTrap,703,7,3023,3116
ResinTrap,704,59,4437,1037
ResinTrap,704,13,3141,2741
ResinTrap,704,7,5602,2176
ResinTrap,704,7,3871,1005
ResinTrap,705,10,3689,849
ResinTrap,705,7,3109,2719
ResinTrap,705,7,2953,2894
ResinTrap,706,30,3152,2724
ResinTrap,706,10,4439,1045
ResinTrap,707,10,2911,3269
ResinTrap,708,13,2960,2891
ResinTrap,708,10,4477,1045
ResinTrap,710,7,3152,2716
ResinTrap,712,13,3150,2735
ResinTrap,717,12,4442,1035
ResinTrap,719,12,3739,1383
ResinTrap,726,20,4478,1934
ResinTrap,729,7,3048,3060
ResinTrap,730,7,2913,3074
ResinTrap,731,7,2966,2843
ResinTrap,732,7,2903,3284
ResinTrap,733,75,2965,2839
ResinTrap,735,7,3077,3141
ResinTrap,737,7,2884,3087
ResinTrap,737,7,3077,2691
ResinTrap,738,17,4411,1055
ResinTrap,738,17,2879,3126
ResinTrap,738,13,2889,3088
ResinTrap,738,7,2974,3324
ResinTrap,738,7,3075,2694
ResinTrap,739,7,4721,1310
ResinTrap,740,10,3191,2729
ResinTrap,742,7,2961,2841
ResinTrap,742,7,2969,3321
ResinTrap,744,7,2891,3123
ResinTrap,744,7,2973,3323
ResinTrap,746,7,2884,3125
ResinTrap,751,20,4117,1056
ResinTrap,753,7,3098,3035
ResinTrap,753,7,3103,3036
ResinTrap,758,12,3028,3120
ResinTrap,766,32,2907,3048
ResinTrap,766,7,2906,3047
ResinTrap,773,7,2896,3100
ResinTrap,776,7,4802,1132
ResinTrap,776,7,2893,3094
ResinTrap,781,7,4466,1637
ResinTrap,785,18,2899,3069
ResinTrap,785,7,2899,3071
ResinTrap,816,12,4444,1931
ResinTrap,826,10,3086,3123
ResinTrap,831,13,3150,2761
ResinTrap,844,7,4653,2135
ResinTrap,845,7,4650,2129
ResinTrap,852,17,4854,2140
ResinTrap,854,7,4644,2151
ResinTrap,856,7,4865,2149
ResinTrap,856,7,5627,1190
ResinTrap,856,7,4862,2147
ResinTrap,863,27,4822,1546
ResinTrap,863,12,4826,1554
ResinTrap,868,13,5660,1170
ResinTrap,868,7,4811,1540
ResinTrap,872,45,4844,1565
ResinTrap,874,7,4815,1567
ResinTrap,878,7,4845,2120
ResinTrap,879,7,4845,2335
ResinTrap,881,12,4876,2117
ResinTrap,881,7,4848,2341
ResinTrap,886,52,4865,1759
ResinTrap,904,7,5618,1094
ResinTrap,913,7,3662,1145
ResinTrap,915,37,3742,1164
ResinTrap,915,23,3734,1162
ResinTrap,915,10,3704,1156
ResinTrap,915,10,3754,1167
ResinTrap,915,7,3758,1168
ResinTrap,915,7,3729,1161
ResinTrap,915,7,3710,1157
ResinTrap,915,7,3724,1160
ResinTrap,917,48,5624,1127
ResinTrap,918,7,5630,1126
ResinTrap,928,7,3104,935
ResinTrap,929,17,5615,1123
ResinTrap,936,22,3160,939
ResinTrap,939,7,4687,1918
ResinTrap,941,24,3112,2692
ResinTrap,948,9,5626,1128
ResinTrap,958,7,5684,2523
ResinTrap,961,34,5626,1142
ResinTrap,967,49,5642,1153
ResinTrap,972,7,5641,1152
ResinTrap,983,23,5654,1187
ResinTrap,993,7,3920,1470
ResinTrap,998,7,4868,2218
ResinTrap,1001,7,5643,1146
ResinTrap,1008,7,5612,1144
ResinTrap,1013,16,3181,1020
ResinTrap,1014,25,3188,998
ResinTrap,1014,7,3186,1009
ResinTrap,1014,7,3187,1006
ResinTrap,1089,7,5809,1563
ResinTrap,1092,47,5779,1361
ResinTrap,1117,20,5810,1372
ResinTrap,1119,33,5625,1202
ResinTrap,1123,7,5416,2418
ResinTrap,1128,7,5803,1366
ResinTrap,1161,7,5764,1397
ResinTrap,1182,7,4588,1304
ResinTrap,1223,37,5827,1364
ResinTrap,1283,7,5669,1428
ResinTrap,1347,43,4467,2242
ResinTrap,1347,9,4473,2247
ResinTrap,1347,7,4470,2245
ResinTrap,1362,7,4484,2236
ResinTrap,1387,7,5763,1664
ResinTrap,1399,7,4731,2267
ResinTrap,1402,7,4727,2266
ResinTrap,1452,7,4911,2076
ResinTrap,1522,7,4443,2179
ResinTrap,1527,7,4442,2175
ResinTrap,1529,7,4441,2170
ResinTrap,1535,17,4324,1978
ResinTrap,1548,7,4310,1923
ResinTrap,1549,20,4306,1922
ResinTrap,1557,7,4322,1950
ResinTrap,1583,7,4373,1968
ResinTrap,1874,7,4389,1789
SuctionCup,0,266930,5960,2193
SuctionCup,0,266930,5094,2193
SuctionCup,0,266930,4661,2943
SuctionCup,0,266930,5527,1943
SuctionCup,0,266930,5094,1193
SuctionCup,0,266930,5094,1693
SuctionCup,0,266930,5094,693
SuctionCup,0,266930,5960,1193
SuctionCup,0,266930,5094,2693
SuctionCup,0,266930,5527,1443
SuctionCup,0,266930,4661,2443
SuctionCup,0,266928,3795,3443
SuctionCup,0,266928,4228,2693
SuctionCup,0,266928,2929,1943
SuctionCup,0,266928,2929,2943
SuctionCup,0,266928,3362,1193
SuctionCup,0,266928,3362,3693
SuctionCup,0,266928,2496,2193
SuctionCup,0,266928,4228,3193
SuctionCup,0,266928,2496,1693
SuctionCup,0,266928,3795,2443
SuctionCup,0,266928,3795,2943
SuctionCup,0,266928,2496,2693
SuctionCup,0,266928,3362,2193
SuctionCup,0,266928,2496,1193
SuctionCup,0,266928,2929,443
SuctionCup,0,266928,3795,443
SuctionCup,0,266927,5671,1860
SuctionCup,0,266927,2640,610
SuctionCup,0,266927,5671,1360
SuctionCup,0,266927,5383,860
SuctionCup,0,266927,2352,1610
SuctionCup,0,266927,3939,860
SuctionCup,0,266927,3939,2860
SuctionCup,0,266927,5816,2110
SuctionCup,0,266927,4372,610
SuctionCup,0,266927,3939,3360
SuctionCup,0,266927,6104,1610
SuctionCup,0,266927,5671,860
SuctionCup,0,266927,3939,1360
SuctionCup,0,266927,3651,2360
SuctionCup,0,266927,5238,2610
SuctionCup,0,266927,3218,2610
SuctionCup,0,266927,4517,1360
SuctionCup,0,266927,3939,2360
SuctionCup,0,266927,4950,1610
SuctionCup,0,266927,5671,2360
SuctionCup,0,266927,4517,2860
SuctionCup,0,266927,5238,1610
SuctionCup,0,266927,4950,610
SuctionCup,0,266927,4517,860
SuctionCup,0,266927,2785,3360
SuctionCup,0,266927,4805,2860
SuctionCup,0,266927,4805,1860
SuctionCup,0,266927,3073,2860
SuctionCup,0,266927,5816,1610
SuctionCup,0,266927,4517,2360
SuctionCup,0,266927,4950,2110
SuctionCup,0,266927,5383,1360
SuctionCup,0,266927,3651,2860
SuctionCup,0,266927,3651,3360
SuctionCup,0,266927,4372,2610
SuctionCup,0,266927,4805,2360
SuctionCup,0,266927,2785,2360
SuctionCup,0,266927,4372,3110
SuctionCup,0,266925,4084,1610
SuctionCup,0,266925,4084,610
SuctionCup,0,266925,4084,2110
SuctionCup,0,266925,3506,1610
SuctionCup,0,266925,4084,2610
SuctionCup,0,266925,3506,610
SuctionCup,0,266925,4084,3110
SuctionCup,0,266925,3506,3610
SuctionCup,0,266917,4084,777
SuctionCup,0,266915,4084,1777
SuctionCup,0,266915,4084,3277
SuctionCup,0,266915,4084,2277
SuctionCup,0,266915,4084,2777
SuctionCup,0,266912,5094,2527
SuctionCup,0,266912,5094,1027
SuctionCup,0,266912,3795,3277
SuctionCup,0,266912,3795,2777
SuctionCup,0,266912,3795,2277
SuctionCup,0,266912,5094,2027
SuctionCup,0,266908,5960,1527
SuctionCup,0,266908,2929,2277
SuctionCup,0,266908,2929,2777
SuctionCup,0,266908,4661,2777
SuctionCup,0,266908,5527,1277
SuctionCup,0,266908,2496,1027
SuctionCup,0,266908,5527,1777
SuctionCup,0,266908,5527,2777
SuctionCup,0,266908,5960,1027
SuctionCup,0,266908,3362,527
SuctionCup,0,266908,2496,2527
SuctionCup,0,266908,5527,2277
SuctionCup,0,266908,2496,2027
SuctionCup,0,266908,2929,1777
SuctionCup,0,266908,4661,1777
SuctionCup,0,266908,3362,1027
SuctionCup,0,266908,2929,3277
SuctionCup,0,266908,2929,777
SuctionCup,0,266908,5960,2027
SuctionCup,0,266908,3362,2527
SuctionCup,0,266908,3362,3527
SuctionCup,0,266908,3362,2027
SuctionCup,0,266907,4228,3027
SuctionCup,0,266907,4228,2027
SuctionCup,0,266907,4228,527
SuctionCup,0,266893,5094,1527
SuctionCup,0,266890,3073,2360
SuctionCup,0,266890,3073,3360
SuctionCup,0,266881,5383,2527
SuctionCup,0,266881,5383,2027
SuctionCup,0,266867,4661,1943
SuctionCup,0,266860,4661,1443
SuctionCup,0,266853,3939,1860
SuctionCup,0,266822,4372,1610
SuctionCup,0,266822,4661,777
SuctionCup,0,266802,4950,2777
SuctionCup,0,266802,4950,1777
SuctionCup,0,266743,2352,1110
SuctionCup,0,266718,2929,2443
SuctionCup,0,266712,2929,943
SuctionCup,0,266702,2929,1277
SuctionCup,0,266654,3651,3527
SuctionCup,0,266654,3651,1027
SuctionCup,0,266654,5816,777
SuctionCup,0,266654,2785,527
SuctionCup,0,266654,3651,2527
SuctionCup,0,266654,3651,3027
SuctionCup,0,266652,2352,1277
SuctionCup,0,266652,2785,3027
SuctionCup,0,266652,5816,1277
SuctionCup,0,266652,2352,1777
SuctionCup,0,266652,2785,1027
SuctionCup,0,266652,5816,1777
SuctionCup,0,266652,2785,3527
SuctionCup,0,266631,4517,527
SuctionCup,0,266629,4517,3027
SuctionCup,0,266629,4517,2027
SuctionCup,0,266629,4517,2527
SuctionCup,0,266629,4517,1027
SuctionCup,0,266627,3218,3277
SuctionCup,0,266627,3218,2777
SuctionCup,0,266627,3218,3777
SuctionCup,0,266597,3795,1777
SuctionCup,0,266484,4228,2193
SuctionCup,0,266484,4228,1193
SuctionCup,0,266472,4228,1027
SuctionCup,0,266423,2785,860
SuctionCup,0,266390,2785,1360
SuctionCup,0,266361,5671,1527
SuctionCup,0,266361,5671,1027
SuctionCup,0,266361,3939,3527
SuctionCup,0,266361,6104,1277
SuctionCup,0,266361,4372,3277
SuctionCup,0,266361,3939,1027
SuctionCup,0,266361,6104,1777
SuctionCup,0,266361,3506,3777
SuctionCup,0,266361,3506,1777
SuctionCup,0,266361,3939,3027
SuctionCup,0,266340,5238,1777
SuctionCup,0,266340,2640,3277
SuctionCup,0,266337,4372,2277
SuctionCup,0,266337,3939,2027
SuctionCup,0,266337,3506,2277
SuctionCup,0,266337,4372,777
SuctionCup,0,266337,5671,2527
SuctionCup,0,266337,3939,2527
SuctionCup,0,266337,5671,2027
SuctionCup,0,266337,4372,2777
SuctionCup,0,266337,3073,2027
SuctionCup,0,266337,3506,777
SuctionCup,0,266326,3073,3527
SuctionCup,0,266319,3073,1027
SuctionCup,0,266318,5671,2193
SuctionCup,0,266318,2640,2943
SuctionCup,0,266318,3506,1943
SuctionCup,0,266318,5671,1193
SuctionCup,0,266318,3506,443
SuctionCup,0,266318,3506,943
SuctionCup,0,266318,3506,1443
SuctionCup,0,266318,5671,2693
SuctionCup,0,266318,3506,3443
SuctionCup,0,266318,5671,1693
SuctionCup,0,266317,4805,1693
SuctionCup,0,266317,4805,2693
SuctionCup,0,266317,4805,2193
SuctionCup,0,266317,4805,1193
SuctionCup,0,266316,4805,3027
SuctionCup,0,266316,5238,2777
SuctionCup,0,266316,5238,2277
SuctionCup,0,266316,5238,777
SuctionCup,0,266316,4805,2527
SuctionCup,0,266316,4805,2027
SuctionCup,0,266316,4805,1527
SuctionCup,0,266301,3218,610
SuctionCup,0,266287,3218,1610
SuctionCup,0,266282,5238,1943
SuctionCup,0,266282,3939,2693
SuctionCup,0,266282,5238,2443
SuctionCup,0,266282,3939,3193
SuctionCup,0,266282,3939,2193
SuctionCup,0,266282,3939,1193
SuctionCup,0,266282,4372,1943
SuctionCup,0,266282,4372,2943
SuctionCup,0,266267,3651,2193
SuctionCup,0,266267,3651,693
SuctionCup,0,266267,3651,3693
SuctionCup,0,266267,3651,3193
SuctionCup,0,266267,3651,2693
SuctionCup,0,266264,2785,1193
SuctionCup,0,266264,2352,1943
SuctionCup,0,266264,4084,443
SuctionCup,0,266264,4084,1443
SuctionCup,0,266264,5816,943
SuctionCup,0,266264,4950,2943
SuctionCup,0,266264,5816,2443
SuctionCup,0,266264,4084,3443
SuctionCup,0,266264,4084,1943
SuctionCup,0,266264,2352,943
SuctionCup,0,266264,2785,2193
SuctionCup,0,266264,5383,1693
SuctionCup,0,266264,4084,2443
SuctionCup,0,266264,4084,2943
SuctionCup,0,266264,4950,2443
SuctionCup,0,266264,2352,1443
SuctionCup,0,266262,3218,2443
SuctionCup,0,266262,3218,2943
SuctionCup,0,266262,4517,1693
SuctionCup,0,266262,4517,2693
SuctionCup,0,266262,4517,3193
SuctionCup,0,266262,3218,3443
SuctionCup,0,266262,4517,2193
SuctionCup,0,266262,4517,1193
SuctionCup,0,266256,4372,1777
SuctionCup,0,266249,3073,2193
SuctionCup,0,266247,3073,1193
SuctionCup,0,266172,4517,1860
SuctionCup,0,266167,2785,2527
SuctionCup,0,266083,2785,2027
SuctionCup,0,266081,3651,1193
SuctionCup,0,265991,3218,1777
SuctionCup,0,265927,2640,1610
SuctionCup,0,265915,2785,3693
SuctionCup,0,265879,4517,1527
SuctionCup,0,265837,2785,3193
SuctionCup,0,265805,5960,1860
SuctionCup,0,265805,5960,1360
SuctionCup,0,265805,5527,2610
SuctionCup,0,265805,5527,1610
SuctionCup,0,265805,5527,1110
SuctionCup,0,265803,3362,860
SuctionCup,0,265803,3362,1360
SuctionCup,0,265803,3795,3610
SuctionCup,0,265803,3362,2360
SuctionCup,0,265803,4661,3110
SuctionCup,0,265803,2929,610
SuctionCup,0,265803,2929,3110
SuctionCup,0,265803,4661,1610
SuctionCup,0,265803,4228,2860
SuctionCup,0,265803,4661,610
SuctionCup,0,265803,2929,1610
SuctionCup,0,265803,4228,3360
SuctionCup,0,265803,3795,2110
SuctionCup,0,265803,3795,2610
SuctionCup,0,265803,4228,2360
SuctionCup,0,265803,3795,3110
SuctionCup,0,265803,4661,2110
SuctionCup,0,265803,2496,2360
SuctionCup,0,265803,2929,2610
SuctionCup,0,265803,2496,1860
SuctionCup,0,265782,5383,2360
SuctionCup,0,265769,4661,2610
SuctionCup,0,265732,5094,1860
SuctionCup,0,265732,5094,2360
SuctionCup,0,265732,5094,1360
SuctionCup,0,265732,5094,2860
SuctionCup,0,265732,5094,860
SuctionCup,0,265730,5383,1027
SuctionCup,0,265707,5238,1443
SuctionCup,0,265626,3218,443
SuctionCup,0,265602,2929,2110
SuctionCup,0,265598,2929,3610
SuctionCup,0,265521,4517,693
SuctionCup,0,265516,4805,1027
SuctionCup,0,265495,3795,610
SuctionCup,0,265487,3795,1610
SuctionCup,0,265352,2929,3443
SuctionCup,0,265332,2640,1777
SuctionCup,0,265321,3506,2110
SuctionCup,0,265318,2640,2777
SuctionCup,0,265117,5383,1193
SuctionCup,0,265114,5383,2193
SuctionCup,0,264737,3506,1277
SuctionCup,0,264235,2929,1110
SuctionCup,0,263667,3073,3193
SuctionCup,0,263665,3218,3110
SuctionCup,0,263252,3939,1527
SuctionCup,0,263175,3939,693
SuctionCup,0,263069,5527,777
SuctionCup,0,262172,5816,1943
SuctionCup,0,262092,5816,1443
SuctionCup,0,262072,3507,1110
SuctionCup,0,261842,4084,1277
SuctionCup,0,261700,3506,2443
SuctionCup,0,261676,6104,1943
SuctionCup,0,261446,4661,1277
SuctionCup,0,261324,4084,943
SuctionCup,0,259007,3362,693
SuctionCup,0,258941,3362,1527
SuctionCup,0,258801,3939,527
SuctionCup,0,258751,3939,1693
SuctionCup,0,258562,6104,1443
SuctionCup,0,258237,3073,3693
SuctionCup,0,258045,3362,1860
SuctionCup,0,257977,3362,360
SuctionCup,0,256749,4087,1110
SuctionCup,0,256193,4661,943
SuctionCup,0,256051,2929,1443
SuctionCup,0,253901,2785,693
SuctionCup,0,253243,4228,2527
SuctionCup,0,253161,3362,1693
SuctionCup,0,252660,2785,1860
SuctionCup,0,252427,2785,1527
SuctionCup,0,251822,2785,2693
SuctionCup,0,251797,2496,860
SuctionCup,0,251744,2496,1360
SuctionCup,0,250987,3073,2527
SuctionCup,0,250497,4950,2610
SuctionCup,0,250437,4950,777
SuctionCup,0,249991,4950,1443
SuctionCup,0,249612,4666,2277
SuctionCup,0,249556,3795,1943
SuctionCup,0,249534,4950,1943
SuctionCup,0,249305,5238,2110
SuctionCup,0,248621,5238,1277
SuctionCup,0,248544,4666,1110
SuctionCup,0,248525,3073,860
SuctionCup,0,248499,5238,943
SuctionCup,0,248429,3073,1360
SuctionCup,0,247454,3651,2027
SuctionCup,0,245734,4372,1443
SuctionCup,0,245632,3218,1945
SuctionCup,0,245193,2785,2860
SuctionCup,0,244541,2785,1693
SuctionCup,0,244477,3651,860
SuctionCup,0,244398,3651,1360
SuctionCup,0,243445,4228,860
SuctionCup,0,242667,3795,1443
SuctionCup,0,242568,3795,777
SuctionCup,0,242186,5244,1110
SuctionCup,0,240273,4228,1361
SuctionCup,0,240242,2640,2610
SuctionCup,0,240167,2640,3112
SuctionCup,0,239758,2640,1945
SuctionCup,0,239675,3218,778
SuctionCup,0,239667,2640,778
SuctionCup,0,239361,3218,1443
SuctionCup,0,238852,4805,860
SuctionCup,0,238787,4805,1362
SuctionCup,0,237216,2640,1443
SuctionCup,303,12224,3072,1127
SuctionCup,369,11924,3077,943
