Island,6,1,3740,3861
Island,168,4,3870,4122
Island,169,1,3073,3978
Island,349,1,6587,2236
Island,352,1,6498,2272
Island,353,7,6611,2218
Island,353,1,6620,2217
Island,356,1,6509,2259
Island,358,1,6516,2252
Island,369,2,6213,2282
Island,422,1,6603,2108
Island,426,1,6603,2102
Island,429,1,6603,2098
Island,430,1,6603,2097
Island,435,1,6604,2092
Island,436,1,6604,2091
Island,443,1,5985,2248
Island,444,1,5968,2259
Island,447,1,6603,2079
Island,452,1,4018,3983
Island,480,1,5916,2272
Island,488,1,6604,2039
Island,489,1,6605,2038
Island,490,1,6605,2037
Island,524,94,5860,2303
Island,648,51,3610,3829
Island,675,54,3326,3785
Island,703,27,5410,3014
Island,704,1,5417,3007
Island,724,13,3192,3801
Island,731,13,2876,3585
Island,747,1,6213,2003
Island,748,9,6212,2002
Island,748,1,6215,2001
Island,753,1,6222,1993
Island,766,1,6058,2004
Island,794,1,6058,1974
Island,819,7,5574,2759
Island,820,66,5574,2755
Island,821,1,5590,2754
Island,822,1,5596,2751
Island,823,1,5596,2750
Island,823,1,5913,2179
Island,834,1,5863,2290
Island,845,161,5977,2029
Island,852,2,3755,3832
Island,859,1,6304,1849
Island,863,1,6309,1841
Island,885,33,4580,3456
Island,916,12,4902,3119
Island,917,333,4895,3102
Island,930,57,6005,1925
Island,933,291,4335,3629
Island,961,1,6319,1233
Island,966,2,5851,2314
Island,966,1,5852,2312
Island,967,40,5849,2307
Island,969,1,6246,1516
Island,982,2,6206,1298
Island,990,1,6108,1417
Island,994,284,2903,3428
Island,995,14,6074,1599
Island,995,1,6066,1613
Island,995,1,6067,1612
Island,995,1,6068,1611
Island,995,1,6069,1610
Island,995,1,6070,1609
Island,995,1,6071,1608
Island,995,1,6072,1607
Island,995,1,6073,1606
Island,995,1,6082,1598
Island,995,1,6083,1597
Island,995,1,6084,1596
Island,995,1,6085,1595
Island,995,1,6086,1594
Island,995,1,6087,1593
Island,995,1,6088,1592
Island,995,1,6089,1591
Island,996,1,6038,1637
Island,996,1,6039,1636
Island,996,1,6040,1635
Island,997,1,6021,1650
Island,999,1,5995,1668
Island,999,1,5996,1667
Island,1000,1,5985,1674
Island,1003,1,5960,1688
Island,1008,1,6029,1521
Island,1011,3,5552,2627
Island,1011,1,6009,1540
Island,1012,24,5551,2624
Island,1015,1,5987,1558
Island,1018,1,5971,1571
Island,1019,1,5965,1576
Island,1020,1,5957,1582
Island,1022,2,5935,1598
Island,1022,1,5934,1599
Island,1023,2,5900,1621
Island,1023,2,5903,1619
Island,1023,1,5897,1623
Island,1023,1,5899,1622
Island,1023,1,5902,1620
Island,1024,2,5880,1632
Island,1043,46,6243,1135
Island,1053,1,6061,1398
Island,1072,76,5645,2416
Island,1072,1,5644,2433
Island,1109,1,3526,3543
Island,1111,1,5766,1589
Island,1112,1,5996,1923
Island,1115,1,5994,1920
Island,1116,1,3518,3538
Island,1127,1,5195,2890
Island,1136,6,5984,1504
Island,1137,1,6348,1458
Island,1143,1,5595,2463
Island,1144,17,5595,2459
Island,1145,35,5596,2455
Island,1200,1,5742,2097
Island,1200,1,5743,2095
Island,1384,8,4774,2894
Island,1385,33,4773,2890
Island,1412,6,5253,2381
Island,1413,33,5252,2376
Island,1527,10,4796,2667
Island,1528,28,4794,2663
Island,1532,9,4802,2651
Island,1532,2,4801,2649
Island,1533,9,4803,2647
Island,1533,1,4802,2646
Island,1534,7,4804,2645
Island,1535,5,4805,2643
Island,1536,4,4806,2640
Island,1537,4,4807,2637
Island,1537,1,4806,2634
Island,1538,3,4808,2635
Island,1539,3,4809,2632
Island,1539,1,4808,2629
Island,1540,2,4810,2630
Island,1570,16,5108,2414
Island,1776,1,3359,2659
Island,1777,16,3358,2656
Island,1888,107,5119,1815
Island,1888,1,5118,1847
Island,1888,1,5135,1813
Island,1958,218,4799,1986
Island,1958,1,4834,1985
Island,1958,1,4835,1984
Island,1985,15,3586,1990
Island,1995,1,4772,1660
Island,2004,1,4826,1589
Island,2005,1,4835,1577
Island,2006,1,4848,1560
Island,2007,1,4869,1533
Island,2007,1,4910,1483
Island,2007,1,4911,1482
Island,2007,1,4912,1481
Island,2041,1,4649,1585
Island,2043,1,4722,1510
ResinTrap,15,12,5508,837
ResinTrap,15,12,4008,1837
ResinTrap,15,12,6008,1837
ResinTrap,15,12,4508,3337
ResinTrap,15,12,4508,1837
ResinTrap,15,12,4008,2837
ResinTrap,15,12,5008,2337
ResinTrap,15,12,4008,1337
ResinTrap,15,12,5008,2837
ResinTrap,15,12,5508,2337
ResinTrap,15,12,5008,3337
ResinTrap,15,12,4008,3837
ResinTrap,15,12,5008,1337
ResinTrap,15,12,5508,2837
ResinTrap,15,12,3008,3337
ResinTrap,15,12,3508,2337
ResinTrap,15,12,3508,3337
ResinTrap,15,12,6008,1337
ResinTrap,15,12,5508,1837
ResinTrap,15,12,4008,2337
ResinTrap,15,12,4008,3337
ResinTrap,15,12,3508,1837
ResinTrap,15,12,3508,2837
ResinTrap,15,9,6009,837
ResinTrap,15,9,4259,3587
ResinTrap,15,9,4759,3587
ResinTrap,15,9,5759,3087
ResinTrap,15,9,5759,2087
ResinTrap,15,9,2759,3587
ResinTrap,15,9,5009,1837
ResinTrap,15,9,5759,2587
ResinTrap,15,9,2759,3087
ResinTrap,15,9,3259,3587
ResinTrap,15,9,4509,3837
ResinTrap,165,12,5758,1837
ResinTrap,165,12,6008,2087
ResinTrap,165,12,5508,2337
ResinTrap,165,12,5758,2337
ResinTrap,165,12,5508,2587
ResinTrap,165,12,4258,3337
ResinTrap,165,12,5008,2837
ResinTrap,165,12,5758,2837
ResinTrap,165,12,5008,3087
ResinTrap,165,12,4758,3337
ResinTrap,165,12,2758,3087
ResinTrap,165,12,5508,3087
ResinTrap,165,12,4508,3337
ResinTrap,165,12,5008,3337
ResinTrap,165,12,4508,3087
ResinTrap,198,17,6260,2281
ResinTrap,198,13,6268,2278
ResinTrap,216,13,6422,2093
ResinTrap,222,34,6252,2316
ResinTrap,222,7,6250,2323
ResinTrap,224,7,6256,2314
ResinTrap,224,7,6259,2312
ResinTrap,227,9,6264,2305
ResinTrap,229,25,6490,2299
ResinTrap,232,13,6498,2301
ResinTrap,234,12,6481,2302
ResinTrap,237,7,6517,2083
ResinTrap,268,17,6476,2250
ResinTrap,277,20,6299,2277
ResinTrap,283,7,6523,2227
ResinTrap,285,7,6466,2114
ResinTrap,286,13,6522,2220
ResinTrap,287,10,6464,2109
ResinTrap,287,7,6490,2078
